0.976485  0.21729
1  nan
0.996357  0.0853844
0.998048  0.062486
0.999928  0.0120225
0.999994  0.00340782
0.990743  0.136169
1  0
0.99734  0.0729511
0.922875  0.395315
1  0
0.999847  0.0174649
0.999381  0.0351821
0.997503  0.0706853
0.998196  0.0600817
0.999496  0.0317489
0.999444  0.0333608
0.997822  0.0660073
0.997835  0.0658103
-0.677491  2.31514
1  0
0.997094  0.0762557
0.997239  0.074332
0.999955  0.0095099
0.992315  0.124053
1  0
0.991925  0.12717
1  2.10734e-08
0.997929  0.0643753
-0.997923  3.07713
1  nan
0.999964  0.00852023
0.999915  0.0130593
0.999912  0.0132996
0.999816  0.0191587
0.995459  0.0953306
1  2.10734e-08
0.967443  0.255873
1  0
0.983864  0.179886
1  0
0.999272  0.0381652
0.99374  0.111948
1  nan
0.999377  0.0353135
0.999496  0.0317633
0.992897  0.11926
1  0
0.991585  0.129822
1  0
0.997919  0.0645223
0.982094  0.189523
1  0
0.859387  0.536727
1  nan
0.999367  0.0355939
0.99527  0.0972981
1  0
0.946616  0.328225
1  nan
0.997586  0.0695042
0.99754  0.0701518
0.99922  0.0394881
0.998215  0.0597548
0.993026  0.11817
1  0
0.979725  0.201713
1  0
0.997548  0.0700449
0.982557  0.187052
1  0
0.999993  0.00367753
0.957024  0.294235
1  0
0.994006  0.109546
1  0
0.999995  0.00300544
0.997842  0.0657008
0.994372  0.106143
1  nan
0.999994  0.00335017
0.999423  0.0339591
0.99736  0.0726734
0.989073  0.147965
1  0
0.986893  0.162084
1  1.49012e-08
0.967807  0.25443
1  nan
0.936308  0.358831
1  0
0.989461  0.145312
1  0
0.905292  0.43873
1  0
0.841183  0.57133
1  2.10734e-08
0.991112  0.133423
1  0
0.978604  0.207234
1  0
0.558712  0.977965
1  nan
0.999024  0.0441759
0.994494  0.104989
1  0
0.999053  0.0435227
0.995634  0.0934761
1  0
0.974031  0.228397
1  0
0.407004  1.15162
1  0
0.997913  0.0646207
0.943469  0.337851
1  1.49012e-08
0.998794  0.0491224
0.999319  0.0368988
0.999896  0.0143969
0.982287  0.188495
1  0
0.78497  0.668148
1  0
0.78258  0.671997
1  1.49012e-08
0.989309  0.146355
1  0
0.952989  0.307843
1  1.49012e-08
0.991846  0.127789
1  1.49012e-08
0.802607  0.639143
1  0
0.825149  0.60033
1  0
0.995629  0.0935358
1  0
0.692944  0.805232
1  nan
0.999996  0.00291564
0.99929  0.0376895
0.987996  0.155102
1  0
0.960761  0.281063
1  0
0.908599  0.430879
1  nan
0.900978  0.448779
1  1.49012e-08
0.999694  0.0247423
0.999909  0.0134839
0.990401  0.138666
1  0
0.999171  0.0407163
0.999874  0.015896
0.997373  0.0724988
0.991324  0.131823
1  0
0.857134  0.541117
1  0
0.999714  0.023914
0.999791  0.0204358
0.999169  0.0407807
0.98602  0.167405
1  1.49012e-08
0.871411  0.512726
1  0
0.973342  0.231419
1  0
0.99995  0.0100383
0.949843  0.318063
1  2.10734e-08
0.994488  0.105045
1  0
0.999385  0.0350695
0.996211  0.0870846
0.989824  0.142783
1  0
0.997907  0.0647155
0.99944  0.0334612
0.997039  0.0769777
0.999996  0.00283462
0.999117  0.042034
0.999682  0.0252245
0.999841  0.0178479
1  5.62892e-05
0.999593  0.0285246
0.998528  0.0542703
0.960093  0.283461
1  0
0.999815  0.0192576
0.999208  0.039802
0.999327  0.0366948
0.999419  0.0340954
0.997139  0.0756646
0.96966  0.246958
1  1.49012e-08
0.988156  0.154062
1  0
0.996295  0.0861131
0.9942  0.107759
1  0
0.98703  0.161234
1  0
0.89152  0.470106
1  2.10734e-08
0.604618  0.921511
1  nan
0.988112  0.154345
1  2.10734e-08
0.999894  0.0145699
0.992533  0.122283
1  nan
0.980111  0.199775
1  0
0.999533  0.0305755
0.999974  0.00714302
0.997942  0.0641734
0.986748  0.162981
1  0
0.995639  0.0934228
1  0
0.990742  0.136176
1  0
0.950215  0.31687
1  0
0.999988  0.00496689
0.989294  0.146458
1  nan
0.979938  0.200646
1  1.49012e-08
0.997342  0.07293
0.983437  0.182259
1  0
0.990953  0.134619
1  1.49012e-08
0.989681  0.143784
1  nan
0.992317  0.124036
1  1.49012e-08
0.670511  0.835899
1  nan
0.981124  0.194606
1  1.49012e-08
0.976821  0.215729
1  0
0.98162  0.192024
1  nan
0.994365  0.106212
1  0
0.99  0.14154
1  nan
0.999919  0.0127549
0.996817  0.0798082
0.996355  0.0854114
0.993039  0.118059
1  0
0.999059  0.0433932
0.965175  0.264686
1  2.10734e-08
0.993256  0.1162
1  0
0.937582  0.355186
1  0
0.913566  0.418829
1  nan
0.969326  0.248321
1  0
0.975304  0.222701
1  0
0.992468  0.122811
1  nan
0.987919  0.155598
1  1.49012e-08
0.9876  0.157645
1  nan
0.735621  0.744213
1  0
0.993842  0.111034
1  1.49012e-08
0.904571  0.440423
1  0
0.998294  0.0584269
0.914195  0.417279
1  nan
0.871948  0.511628
1  0
0.988752  0.150125
1  nan
0.999504  0.0314846
0.988843  0.14952
1  0
0.949808  0.318174
1  0
0.994776  0.102263
1  0
0.826938  0.597156
1  0
0.781752  0.673326
1  2.10734e-08
0.964892  0.265764
1  0
0.897336  0.4571
1  nan
0.990649  0.136859
1  nan
0.615905  0.907262
1  2.10734e-08
0.970095  0.245175
1  0
0.999821  0.0189214
0.999276  0.0380458
0.99819  0.0601742
0.996907  0.0786674
0.994562  0.104335
1  nan
0.98584  0.168486
1  0
0.750111  0.722567
1  0
0.947032  0.326932
1  nan
0.995747  0.0922571
1  nan
0.938068  0.353785
1  2.10734e-08
0.993744  0.111919
1  0
0.824593  0.601315
1  0
0.976928  0.215229
1  0
0.784262  0.669291
1  nan
0.730431  0.751844
1  0
0.997713  0.0676436
0.794324  0.652903
1  2.10734e-08
0.999397  0.0347253
0.993081  0.117706
1  0
0.998756  0.0498804
0.442822  1.11205
1  0
0.962656  0.274148
1  1.49012e-08
0.999181  0.0404789
0.999983  0.00585464
0.994529  0.10465
1  nan
0.852344  0.550346
1  0
0.976377  0.21779
1  1.49012e-08
0.732079  0.749428
1  0
0.99772  0.0675341
0.959604  0.285204
1  0
0.796801  0.648814
1  nan
0.807969  0.6301
1  0
0.838179  0.57686
1  0
0.688827  0.810927
1  nan
0.485177  1.06423
1  2.10734e-08
0.950102  0.317232
1  0
0.877558  0.500051
1  nan
0.767331  0.696128
1  0
0.847266  0.55998
1  nan
0.951978  0.311162
1  nan
0.818649  0.611742
1  0
0.651682  0.860997
1  2.10734e-08
0.179386  1.39043
1  0
0.425226  1.13158
1  0
0.856526  0.542296
1  0
46349  0.868006
1  1.49012e-08
0.999727  0.0233524
0.964854  0.26591
9363  1.10474
0.450052  1.10397
0.450974  1.10294
0.449001  1.10515
0.449877  1.10417
0.442964  1.11189
0.440464  1.11468
0.440027  1.11517
0.441622  1.11339
0.440632  1.11449
0.434283  1.12155
0.437856  1.11758
0.437337  1.11816
0.433789  1.1221
0.433253  1.1227
0.429955  1.12635
0.431884  1.12422
0.432535  1.12349
0.426516  1.13016
0.428132  1.12837
0.427757  1.12879
0.427608  1.12895
0.425505  1.13128
0.421225  1.136
0.422732  1.13434
0.415331  1.14249
0.411543  1.14665
0.413748  1.14423
0.413294  1.14473
0.413532  1.14447
0.41445  1.14346
0.411599  1.14659
0.412478  1.14562
0.410316  1.148
0.414142  1.1438
0.406445  1.15224
0.407712  1.15085
0.410304  1.14801
0.405159  1.15364
0.401832  1.15728
0.40257  1.15647
0.403501  1.15546
9306
0.368474  1.19343
0.367181  1.19482
0.36704  1.19497
0.361557  1.20086
0.364861  1.19731
0.360774  1.2017
0.360357  1.20215
0.35833  1.20432
1  1.11105
0.439578  1.11567
0.439659  1.11558
0.442577  1.11233
0.431662  2.01713
-0.436332  2.02231
-0.441336  2.02788
-0.445827  2.03289
-0.450773  2.03843
-0.455971  2.04426
-0.460402  2.04924
-0.465258  2.05472
-0.469829  2.05989
-0.474822  2.06556
-0.479312  2.07067
-0.484113  2.07615
-0.4887  2.08139
-0.493459  2.08686
-0.498355  2.0925
-0.502603  2.0974
-0.50759  2.10318
-0.511981  2.10829
-0.516628  2.1137
-0.521144  2.11899
-0.526031  2.12472
-0.530988  2.13056
-0.536405  2.13697
-0.541415  2.14292
-0.546365  2.14881
-0.551561  2.15503
-0.556219  2.16063
-0.561403  2.16688
-0.566139  2.17261
-0.57123  2.1788
-0.576195  2.18486
