0.33928  2.5132
0.321582  2.49133
0.303417  2.46338
0.286986  2.44723
0.269313  2.41805
0.252725  2.39571
0.235018  2.35932
0.221383  2.36165
0.204752  2.33002
0.189805  2.31423
0.177023  2.32427
0.162938  2.31728
0.144759  2.24534
0.131753  2.24714
0.117836  2.23189
0.1041  2.21656
0.0909163  2.21013
0.0769642  2.17964
0.0643131  2.18105
0.0514352  2.17339
0.0380955  2.13466
0.0252683  2.10085
0.0129724  2.08896
0.000826301  2.104
-0.0113208  2.08697
-0.0233147  2.07387
-0.0348665  2.0437
-0.0468688  2.04846
-0.0581244  2.02517
-0.0693866  2.0098
-0.0804317  1.99338
-0.0911496  1.9739
-0.103306  1.98632
-0.112433  1.94375
-0.12431  1.95205
-0.133999  1.92735
-0.144758  1.92055
-0.15277  1.88081
-0.163188  1.87391
-0.174734  1.8799
-0.186453  1.88681
-0.195031  1.86282
-0.205314  1.85668
-0.21345  1.83261
-0.222164  1.81546
-0.235266  1.83397
-0.240477  1.79194
-0.250619  1.78853
-0.25914  1.77417
-0.270508  1.77956
-0.279452  1.76906
-0.288444  1.75951
-0.297334  1.74992
-0.302311  1.71861
-0.30944  1.70108
-0.318961  1.69729
-0.325973  1.68068
-0.336136  1.68072
-0.348329  1.69049
-0.353177  1.66495
-0.361577  1.65701
-0.372304  1.65976
-0.379932  1.64879
-0.385143  1.62806
-0.395551  1.62968
-0.403817  1.6225
-0.406575  1.59396
-0.416093  1.59254
-0.422766  1.58043
-0.42588  1.55576
-0.433574  1.54844
-0.444226  1.55166
-0.452121  1.54521
-0.460243  1.53968
-0.467732  1.5322
-0.476637  1.52945
-0.480071  1.5095
-0.492856  1.51905
-0.489747  1.48008
-0.507299  1.50373
-0.512786  1.4913
-0.5155  1.47131
-0.519344  1.4551
-0.529167  1.45581
-0.531379  1.43583
-0.53937  1.43178
-0.544826  1.42114
-0.552357  1.41609
-0.561323  1.41471
-0.567298  1.40586
-0.578503  1.40993
-0.582845  1.39731
-0.587841  1.38653
-0.590753  1.37115
-0.597917  1.36586
-0.604227  1.3587
-0.606769  1.34332
-0.609987  1.32977
-0.622779  1.33708
-0.631401  1.33524
-0.636561  1.32613
-0.646455  1.3269
-0.646185  1.30698
-0.651086  1.29784
-0.658625  1.29403
-0.656507  1.27152
-0.672244  1.28362
-0.67923  1.27881
-0.681441  1.26515
-0.689269  1.26204
-0.692723  1.25101
-0.702436  1.25132
-0.706242  1.24113
-0.711951  1.2344
-0.71811  1.22851
-0.71658  1.20969
-0.729781  1.21579
-0.731645  1.20298
-0.739679  1.20041
-0.745061  1.19354
-0.744509  1.17735
-0.7562  1.18058
-0.763054  1.17616
-0.760548  1.15749
-0.770592  1.15805
-0.775639  1.15105
-0.774995  1.13579
-0.791252  1.14524
-0.793315  1.13407
-0.799899  1.12943
-0.80529  1.12313
-0.806523  1.11115
-0.805868  1.09677
-0.819992  1.10249
-0.815566  1.08332
-0.823066  1.08015
-0.834221  1.08168
-0.830655  1.0642
-0.84055  1.06405
-0.84173  1.0529
-0.856647  1.05887
-0.85329  1.04226
-0.865718  1.04498
-0.864715  1.0315
-0.873935  1.03026
-0.874052  1.01833
-0.866847  0.998129
-0.88254  1.00434
-0.889696  1.00068
-0.891489  0.991028
-0.894547  0.982867
-0.906346  0.984267
-0.914783  0.981905
-0.914992  0.970745
-0.917863  0.962511
-0.929695  0.963633
-0.926903  0.949621
.887038  0.997691
-0.881458  0.979876
-0.891181  0.979169
-0.896862  0.973968
-0.895696  0.961418
-0.912934  0.968562
-0.908891  0.953103
-0.90956  0.942762
-0.91922  0.941749
873818  0.895234
8  1.25663
-0.159431  1.24282
-0.166791  1.24286
-0.174434  1.24484
-0.182829  1.25172
-0.188905  1.24272
-0.196755  1.24556
-0.203189  1.23946
-0.21073  1.24022
-0.218807  1.2439
-0.227114  1.24851
-0.232526  1.23734
-0.239529  1.23499
-0.248474  1.2424
-0.255697  1.24093
-0.263949  1.24431
-0.271822  1.24569
-0.279502  1.24604
-0.2845  1.23465
-0.289375  1.22324
-0.298845  1.23125
-0.308176  1.23823
-0.314138  1.23157
-0.317505  1.21521
-0.331804  1.24039
-0.337166  1.23169
-0.343516  1.22681
-0.352573  1.23152
-0.361416  1.23521
-0.369455  1.23596
-0.378974  1.24144
-0.386189  1.23922
-0.389755  1.22552
-0.401198  1.23654
-0.40807  1.23324
-0.413319  1.22516
-0.418813  1.21801
-0.427214  1.21932
-0.439678  1.23189
-0.450253  1.23871
-0.454327  1.22763
-0.458993  1.21841
-0.471085  1.22879
-0.476771  1.22231
-0.487562  1.22881
-0.490585  1.21575
-0.503723  1.22768
-0.508161  1.21827
-0.5168  1.21897
-0.525465  1.21962
-0.528541  1.20738
-0.535962  1.2052
-0.54708  1.21117
-0.555367  1.2107
-0.56789  1.21923
-0.57711  1.22043
-0.579872  1.20803
-0.589517  1.21004
-0.598762  1.21107
-0.6049  1.20578
-0.61644  1.21115
-0.618888  1.19866
-0.629561  1.20212
-0.642642  1.20992
-0.64303  1.19384
-0.654278  1.19798
-0.663173  1.19765
-0.666213  1.18679
-0.676073  1.18811
-0.694464  1.20408
-0.712054  1.21815
-0.711993  1.20195
-0.720517  1.20036
-0.728527  1.19785
-0.738105  1.19785
-0.748238  1.19863
-0.756802  1.19679
-0.758357  1.18395
-0.769041  1.18539
-0.786357  1.19677
-0.783334  1.17719
-0.793522  1.17759
-0.819522  1.20104
-0.82081  1.18803
-0.829427  1.18569
-0.842668  1.18982
-0.847244  1.18165
-0.865265  1.19208
-0.875737  1.19186
-0.877881  1.18032
-0.89616  1.19038
-0.902463  1.18435
-0.912391  1.18304
-0.927872  1.18875
-0.937251  1.18647
-0.941015  1.17709
-0.956023  1.1817
-0.957813  1.16993
-0.981827  1.18513
-0.990632  1.1817
-0.994255  1.1721
-1.00301  1.16858
-1.00782  1.16046
-1.03898  1.18237
-1.04451  1.17481
-1.05267  1.1702
-1.07561  1.18181
-1.08179  1.17479
-1.08656  1.16629
-1.0899  1.15631
-1.11869  1.17311
-1.11577  1.1565
-1.13994  1.16788
