-2.30729  -2.30729
-2.30437  -2.33134
-2.31314  -2.36759
-2.30974  -2.3918
-2.31029  -2.42039
-2.30715  -2.44542
-2.29834  -2.46465
-2.29549  -2.49048
-2.31261  -2.53854
-2.3045  -2.55938
-2.29888  -2.5832
-2.31485  -2.63182
-2.31197  -2.65958
-2.30819  -2.68664
-2.30353  -2.71298
-2.31085  -2.75391
-2.29287  -2.765
-2.3021  -2.80923
-2.3002  -2.84044
-2.3055  -2.8811
-2.30421  -2.91408
-0.0554104  -0.0709203
-0.0513304  -0.066492
-0.0163745  -0.021468
-0.0487479  -0.0646888
-0.0406076  -0.0545438
-0.046807  -0.0636404
-0.0323289  -0.0444954
-0.042565  -0.0593062
-0.0474244  -0.0668949
-0.0464608  -0.0663505
-0.0164957  -0.0238515
-0.0383535  -0.0561517
-0.0430591  -0.0638351
-0.0648621  -0.0973751
-2.15249  -3.27256
-2.14758  -3.30683
-1.91703  -3.50614
-1.89661  -3.51723
-1.87048  -3.51761
-1.84488  -3.51869
-1.81427  -3.50982
-1.7911  -3.51496
-1.76883  -3.52175
-1.74122  -3.51764
-1.71678  -3.51962
-1.69324  -3.52324
-1.66716  -3.52128
-1.63861  -3.5137
-1.61356  -3.51317
-1.59144  -3.51886
-1.56851  -3.52257
-1.54437  -3.5234
-1.51712  -3.51671
-1.49624  -3.52456
-1.46493  -3.50736
-1.34341  -3.26978
-1.2914  -3.19595
-1.27722  -3.21456
-1.24212  -3.18002
-1.22432  -3.18906
-1.23257  -3.26724
-1.22884  -3.31561
-1.23108  -3.3819
-1.24336  -3.47846
-1.23999  -3.53376
-1.21974  -3.54186
-1.19847  -3.547
-1.17436  -3.54347
-1.15002  -3.53883
-1.12699  -3.53783
-1.10609  -3.54338
-1.08166  -3.53732
-1.05733  -3.5311
-1.03959  -3.54678
-1.01563  -3.54124
-0.99339  -3.54131
-0.971715  -3.54317
-0.950052  -3.5449
-0.927388  -3.54263
-0.909241  -3.55765
-0.886352  -3.55415
-0.863535  -3.5505
-0.841483  -3.54962
-0.81992  -3.55056
-0.799691  -3.55722
-0.776848  -3.55204
-0.755756  -3.55454
-0.734863  -3.5579
-0.711795  -3.55035
-0.692848  -3.56327
-0.670812  -3.56036
-0.648834  -3.55731
-0.625697  -3.54724
-0.607236  -3.56363
-0.585197  -3.55921
-0.561353  -3.5428
-0.542544  -3.55787
-0.522998  -3.56888
-0.502507  -3.57384
-0.481041  -3.57175
-0.460766  -3.57846
-0.439454  -3.57711
-0.407952  -3.48823
-0.361052  -3.25101
-0.335754  -3.19239
-0.317276  -3.19529
-0.324543  -3.47387
-0.311045  -3.55241
-0.291841  -3.5721
-0.269468  -3.5528
-0.248448  -3.54932
-0.226964  -3.53773
-0.208768  -3.57992
-0.187153  -3.56609
-0.16552  -3.54814
-0.14553  -3.56503
-0.124649  -3.56182
-0.103752  -3.55649
-0.0829687  -3.55303
-0.0622988  -3.55345
-0.0418024  -3.56876
-0.0209946  -3.56094
-0.000281368  -3.582
0.0206016  -3.58994
0.0412418  -3.56876
0.0620532  -3.57146
0.0827583  -3.56804
0.103803  -3.57749
0.124473  -3.57283
0.145457  -3.57704
0.166774  -3.58713
0.185914  -3.55314
0.207567  -3.56897
0.227813  -3.55972
0.249771  -3.57629
0.271023  -3.58076
0.292011  -3.58111
0.310749  -3.55545
0.333469  -3.57548
0.354361  -3.57448
0.375253  -3.57335
0.395923  -3.57011
0.418656  -3.58463
0.440232  -3.58809
0.460332  -3.57952
0.48128  -3.57777
0.505005  -3.59571
0.523885  -3.57886
0.536262  -3.52039
0.538127  -3.39967
0.533744  -3.24946
0.545421  -3.20391
0.575677  -3.26666
0.615108  -3.37541
0.672288  -3.57127
0.696103  -3.58301
0.718309  -3.58576
0.738953  -3.58054
0.76351  -3.59379
0.782054  -3.57854
0.804611  -3.58174
0.827007  -3.58382
0.850376  -3.58965
0.871952  -3.58756
0.891114  -3.57563
0.912394  -3.57233
0.940246  -3.59405
0.958808  -3.57982
0.980145  -3.57611
1.00552  -3.58672
1.03133  -3.59811
1.04915  -3.5815
1.07255  -3.58395
1.09454  -3.58148
1.11804  -3.58364
1.14221  -3.58756
1.16336  -3.58181
1.18481  -3.57688
1.20816  -3.5775
1.23057  -3.57514
1.25433  -3.57642
1.2815  -3.58695
1.30269  -3.58038
1.32871  -3.5868
1.34884  -3.57714
1.37321  -3.57857
1.39873  -3.58263
1.42583  -3.59024
1.44182  -3.56983
1.44129  -3.50958
1.44203  -3.45407
1.44061  -3.39499
1.43658  -3.33146
1.43587  -3.27725
1.43539  -3.22499
1.46525  -3.24119
1.50369  -3.27532
1.51976  -3.26017
1.5387  -3.25128
1.56625  -3.2603
1.59746  -3.2763
1.61693  -3.26785
1.63457  -3.25571
1.65529  -3.24971
1.67784  -3.24713
1.71481  -3.27186
1.73757  -3.26889
1.73995  -3.22792
1.76925  -3.23705
1.80695  -3.26082
1.83127  -3.25984
1.85614  -3.25956
1.87557  -3.24957
1.90101  -3.24983
1.93365  -3.26194
1.95877  -3.26092
1.98499  -3.26143
2.00917  -3.25834
2.03127  -3.25169
2.04909  -3.23813
2.08408  -3.25141
2.11385  -3.25601
2.14099  -3.25619
2.16378  -3.24951
2.17202  -3.22111
2.19129  -3.20925
2.19001  -3.16766
2.18833  -3.12619
2.20301  -3.10851
2.18666  -3.04771
2.19789  -3.02603
2.18702  -2.97453
2.18578  -2.93688
2.195  -2.91374
2.18403  -2.86434
2.18843  -2.83575
2.17411  -2.78357
2.17849  -2.75597
2.17262  -2.71592
2.17705  -2.68924
2.19266  -2.67653
2.18011  -2.62986
2.1716  -2.58879
2.1795  -2.56772
2.18332  -2.54211
2.17512  -2.50294
2.16983  -2.46772
2.1775  -2.44758
2.1723  -2.41332
2.17486  -2.38807
2.18058  -2.36656
2.18067  -2.3392
2.17434  -2.30538
2.16701  -2.27099
2.17115  -2.24899
2.16883  -2.22059
2.17116  -2.19726
2.17613  -2.17682
2.17951  -2.15498
2.16913  -2.1199
2.16992  -2.09613
2.16471  -2.0669
2.15779  -2.03642
2.17033  -2.02452
2.16884  -1.99966
2.18339  -1.9897
2.16818  -1.95288
2.17577  -1.9369
2.15922  -1.89977
2.16495  -1.88259
2.16449  -1.86019
2.15775  -1.83267
2.15765  -1.81109
2.16353  -1.79468
2.14609  -1.75924
2.14619  -1.73854
2.16641  -1.73415
2.1647  -1.71222
2.16123  -1.68913
2.1631  -1.67041
2.15291  -1.64264
2.16642  -1.63309
2.16225  -1.61031
2.16111  -1.59
2.17841  -1.58328
2.14778  -1.54201
2.17303  -1.54106
2.16885  -1.51921
2.15545  -1.49121
2.15913  -1.47526
2.16187  -1.45876
2.1595  -1.43895
2.16283  -1.42306
2.15513  -1.40011
2.15651  -1.38323
2.15438  -1.36424
2.15974  -1.35009
2.14458  -1.32333
2.16932  -1.32123
2.16668  -1.30241
2.16562  -1.28468
2.15235  -1.25994
2.15271  -1.24339
2.13124  -1.21451
2.14175  -1.20405
2.14872  -1.19157
2.16614  -1.18481
2.15716  -1.16365
2.20538  -1.17315
2.75326  -1.44411
2.23843  -1.15752
2.18899  -1.11587
2.17579  -1.09324
2.18928  -1.08411
2.18387  -1.06566
2.20986  -1.06247
2.19069  -1.03761
2.18763  -1.02062
2.17627  -0.999945
2.19389  -0.992627
2.19323  -0.977
2.17965  -0.955791
2.19619  -0.947851
2.20903  -0.938187
2.17108  -0.9072
2.18557  -0.898356
2.1991  -0.889001
2.20889  -0.87804
2.21116  -0.864084
2.19188  -0.841884
2.18738  -0.825588
2.19027  -0.812155
2.18557  -0.795978
2.20052  -0.786954
2.18147  -0.765859
2.20101  -0.758368
2.19497  -0.742029
2.18596  -0.724842
2.21296  -0.719534
2.19901  -0.700879
2.18777  -0.683306
2.18311  -0.667934
2.17833  -0.65264
2.17538  -0.637988
2.21654  -0.63608
2.18747  -0.613987
2.19004  -0.600987
2.19253  -0.587978
2.19398  -0.574707
2.19728  -0.561935
2.20537  -0.550354
2.19298  -0.533732
2.20286  -0.522582
2.18833  -0.505706
2.18635  -0.49187
2.1882  -0.47893
2.21247  -0.470771
2.19558  -0.453844
2.1727  -0.43595
2.18795  -0.425787
2.20808  -0.416387
2.20063  -0.40174
2.20588  -0.389453
2.19431  -0.374261
2.19744  -0.361652
2.18469  -0.346514
2.21237  -0.337722
2.19649  -0.322234
2.20823  -0.310846
2.18919  -0.295188
2.20872  -0.28475
2.21133  -0.272019
2.17414  -0.254614
2.19049  -0.243621
2.20878  -0.232655
2.19915  -0.218714
2.18744  -0.204706
2.19557  -0.192589
2.18868  -0.179162
2.16775  -0.164759
2.21057  -0.155086
2.18948  -0.140812
2.18227  -0.127606
2.19896  -0.11575
2.20858  -0.103378
2.17517  -0.0891361
2.21363  -0.0778163
2.17906  -0.0639118
2.19839  -0.0516813
2.19166  -0.0387683
2.20384  -0.0261609
2.20096  -0.0133222
2.228  -0.000525005
2.19697  0.0122626
2.21386  0.0252362
2.17968  0.0375288
2.20042  0.0506913
2.19509  0.0633464
2.19868  0.0762531
2.1922  0.088799
2.20264  0.102059
2.18603  0.114037
2.20629  0.127967
2.20751  0.140927
2.18969  0.152584
2.19674  0.165922
2.18976  0.178211
2.20562  0.192424
2.19252  0.204139
2.20025  0.217776
2.19696  0.230363
2.20353  0.244019
2.20207  0.256833
2.2055  0.270247
2.19695  0.28218
2.19626  0.295089
2.20342  0.30911
2.20357  0.322212
2.20561  0.335627
2.16905  0.342985
2.20353  0.361588
2.19942  0.374065
2.20902  0.388934
2.19688  0.399986
2.21418  0.416456
2.19012  0.425137
2.19938  0.440225
2.21049  0.455839
2.21073  0.469313
2.20015  0.480459
2.19049  0.491716
2.20026  0.507371
2.18657  0.517628
2.18546  0.530811
2.20077  0.548106
2.19367  0.55991
2.19038  0.572662
2.18798  0.585652
2.18935  0.599691
2.19161  0.614035
2.15916  0.618512
2.17472  0.636682
2.18918  0.654766
2.17673  0.664861
2.18237  0.680488
2.22602  0.708333
2.258  0.733003
2.20434  0.729783
2.19626  0.741314
2.20137  0.757331
2.2158  0.77674
2.19806  0.784908
2.19628  0.798707
2.20285  0.815636
2.21491  0.834785
2.21468  0.849446
2.22088  0.866677
2.19536  0.871465
2.22085  0.896574
2.21375  0.908719
2.21304  0.923507
2.20211  0.934022
2.19021  0.944045
2.20391  0.965194
2.21928  0.987347
2.21987  1.00312
2.20219  1.0106
2.21349  1.03142
2.22915  1.05454
2.19413  1.05363
2.19785  1.0712
2.21489  1.09549
2.22635  1.11733
2.22962  1.13525
2.22298  1.1482
2.23398  1.1704
2.24568  1.19323
2.23341  1.20342
2.2334  1.22023
2.22276  1.23126
2.22341  1.24858
2.24044  1.27535
2.18708  1.26187
2.13395  1.24782
2.13612  1.26582
2.10128  1.26175
2.04948  1.24692
2.04901  1.26302
1.9814  1.23731
1.96994  1.24615
1.95929  1.25543
1.91924  1.24557
1.91447  1.25836
1.87549  1.24842
1.85824  1.2526
1.83358  1.25155
1.82956  1.26447
1.80251  1.26133
1.7674  1.25214
1.74708  1.25308
1.73815  1.26204
1.6929  1.2443
1.68163  1.25114
1.66154  1.25128
1.63594  1.24698
1.61441  1.24548
1.60004  1.24931
1.58254  1.25054
1.57759  1.26159
1.55001  1.25439
1.5187  1.24375
1.51298  1.25384
1.48727  1.2472
1.48457  1.25971
1.45901  1.25269
1.43282  1.24476
1.42781  1.25505
1.38611  1.23277
1.38932  1.25018
1.37537  1.25218
1.36954  1.26151
1.35632  1.264
1.32639  1.25061
1.31909  1.2583
1.30815  1.26248
1.28433  1.254
1.27204  1.25653
1.25975  1.25896
1.24819  1.262
1.23453  1.26281
1.19937  1.2412
1.17625  1.23153
1.19034  1.26089
1.17685  1.26121
1.15593  1.25333
1.15671  1.26891
1.12253  1.2459
1.13455  1.27406
1.11126  1.26262
1.09996  1.26454
1.09389  1.27243
1.07676  1.26734
1.05136  1.25214
1.03959  1.25285
1.03609  1.26352
1.01424  1.25165
1.00819  1.25909
0.995888  1.25866
0.987318  1.26286
0.968339  1.25354
0.940403  1.23213
0.944057  1.25195
0.945719  1.26945
0.928835  1.26204
0.922066  1.26823
0.894839  1.24596
0.895676  1.26256
0.886021  1.26448
0.864993  1.24987
0.8594  1.25736
0.845358  1.25239
0.843605  1.26561
0.821384  1.24794
0.81629  1.25606
0.80735  1.25826
0.799481  1.26209
0.789475  1.26248
0.771612  1.25003
0.76745  1.25962
0.754956  1.25549
0.744578  1.25471
0.732718  1.25125
0.734433  1.27108
0.723559  1.26924
0.700968  1.24641
0.697101  1.25659
0.68258  1.24747
0.68101  1.26198
0.66802  1.25532
0.662565  1.26273
0.653371  1.26301
0.638744  1.25253
0.631896  1.25712
0.625904  1.26347
0.615911  1.26169
0.610729  1.26976
0.603332  1.27329
0.587456  1.25866
0.577619  1.2566
0.569474  1.25812
0.564995  1.2678
0.556004  1.26741
0.537522  1.24491
0.531836  1.2517
0.523003  1.25108
0.514195  1.2504
0.505787  1.25059
0.499243  1.25537
0.494117  1.26384
0.484963  1.26203
0.47514  1.25828
0.464335  1.25165
0.458758  1.25902
0.452773  1.26544
0.441096  1.25578
0.437369  1.26873
0.426456  1.26083
0.420374  1.26709
0.410831  1.26285
0.401959  1.26046
0.393725  1.25991
0.386389  1.26218
0.379327  1.26537
0.366328  1.24836
0.366788  1.27738
0.355566  1.26602
0.346341  1.26131
0.341849  1.27393
0.329869  1.25849
0.322047  1.25845
0.317144  1.27
0.307857  1.26405
0.298882  1.25901
0.291328  1.25975
0.284434  1.26338
0.274085  1.25133
0.270341  1.26954
0.259913  1.2564
0.252994  1.25985
0.24547  1.26032
0.238134  1.26172
0.23079  1.26309
0.222047  1.25653
0.214397  1.25583
0.206763  1.25508
0.200399  1.26219
0.191694  1.25444
0.184829  1.2585
0.17597  1.24866
0.167901  1.24372
0.162967  1.26253
0.153909  1.24956
0.14687  1.25242
0.141243  1.26816
0.1325  1.25603
0.123902  1.24384
0.118624  1.26545
0.110036  1.25217
0.103485  1.26176
0.095764  1.25736
0.0867648  1.23395
0.0813866  1.26238
0.0741589  1.26483
0.0662727  1.25525
0.0590165  1.25661
0.0519933  1.26393
0.0444635  1.25922
0.0369019  1.25146
0.0297397  1.25665
0.0222863  1.2488
0.0152019  1.26391
0.00778097  1.25298
0.000494053  1.258
-0.0068402  1.26098
-0.0141642  1.25992
-0.0214931  1.25982
-0.0289814  1.26667
-0.0363206  1.26548
-0.043785  1.26824
-0.0510408  1.26497
-0.0580295  1.25666
-0.0653387  1.2563
-0.0734541  1.26988
-0.0803951  1.26244
-0.0868359  1.24898
-0.0944006  1.25245
-0.103385  1.27281
-0.109833  1.26123
-0.115039  1.23767
-0.124105  1.25588
-0.131096  1.25216
-0.138928  1.25634
-0.146465  1.2575
-0.154264  1.2606
-0.160576  1.25174
-0.169318  1.26169
-0.175683  1.25375
-0.18413  1.26062
-0.190408  1.25261
-0.196911  1.24654
-0.207395  1.26511
-0.214248  1.26093
-0.218461  1.24193
-0.22765  1.25146
-0.235481  1.25307
-0.243718  1.25658
-0.252396  1.26201
-0.257917  1.2517
-0.267684  1.26192
-0.274381  1.25741
-0.280377  1.24994
-0.291237  1.26388
-0.296742  1.25438
-0.302855  1.24777
-0.312765  1.25666
-0.319575  1.25288
-0.333178  1.27519
-0.337231  1.26067
-0.347199  1.26834
-0.351605  1.2557
-0.358629  1.25267
-0.370964  1.26784
-0.376901  1.26087
-0.383938  1.2577
-0.394818  1.2669
-0.402181  1.26459
-0.406444  1.25271
-0.416552  1.25887
-0.426105  1.26306
-0.434421  1.2634
-0.443416  1.26557
-0.448754  1.25732
-0.455719  1.25374
-0.46474  1.25576
-0.472742  1.25491
-0.475022  1.23907
-0.493124  1.26423
-0.4942  1.24554
-0.50256  1.24542
-0.517768  1.26191
-0.52048  1.2478
-0.527339  1.24383
-0.541688  1.25727
-0.547389  1.25044
-0.553028  1.24358
-0.561488  1.24307
-0.573713  1.25069
-0.588579  1.26365
-0.588652  1.24484
-0.602375  1.25491
-0.609664  1.25139
-0.612945  1.23975
-0.630011  1.25583
-0.639574  1.2566
-0.645038  1.2493
-0.655542  1.25173
-0.663281  1.24878
-0.671483  1.24666
-0.680162  1.24537
-0.697083  1.25889
-0.703415  1.25307
-0.70822  1.24461
-0.717946  1.2448
-0.722147  1.23542
-0.740024  1.24927
-0.752426  1.25351
-0.759705  1.24912
-0.776926  1.26085
-0.775245  1.24189
-0.790473  1.25004
-0.801507  1.25131
-0.813126  1.25334
-0.818207  1.24525
-0.830423  1.24796
-0.841021  1.24808
-0.852213  1.24895
-0.869127  1.25796
-0.877576  1.25452
-0.891217  1.25837
-0.895026  1.24829
-0.902859  1.24387
-0.92962  1.26519
-0.93756  1.26056
-0.947283  1.25828
-0.951557  1.24878
-0.96308  1.24876
-0.978942  1.25417
-0.988081  1.25081
-1.00221  1.25364
-1.00005  1.23612
-1.01292  1.23725
-1.04116  1.25675
-1.03946  1.23994
-1.06282  1.25294
-1.0727  1.24977
-1.08323  1.24728
-1.09707  1.24847
-1.10631  1.24431
-1.12423  1.24975
-1.14225  1.25502
-1.15088  1.24983
-1.15745  1.24238
-1.16809  1.23926
-1.19736  1.25561
-1.20256  1.24646
-1.21748  1.24732
-1.22612  1.24164
-1.2418  1.24297
4
-1.24958  1.25075
 1.18779
 1.18953
-1.07292  1.17885
-1.07569  1.16817
-1.10496  1.18604
-1.10842  1.17596
-1.12628  1.18107
-1.1366  1.17809
-1.1595  1.18792
-1.15726  1.17191
-1.17183  1.17294
.3015  0.0576221
3.28778  0.0382529
3.28594  0.0191152
