-3.12789  1.82517
-3.10161  1.8765
-3.07502  1.87916
-3.04599  1.83337
-3.01892  1.83882
-2.99203  1.8456
-2.96536  1.85371
-2.9442  1.91213
-2.91869  1.92256
-2.88697  1.8858
-2.86148  1.89901
-2.83637  1.91344
-2.81165  1.92905
-2.78733  1.94583
-2.76345  1.96373
-2.74001  1.98274
-2.71703  2.00281
-2.69452  2.02392
-2.67248  2.04603
-2.65092  2.06912
-2.62985  2.09314
-2.60927  2.11808
-2.58917  2.14389
-2.56288  2.2397
-2.53179  2.22626
-2.50884  2.32513
-2.47866  2.31544
-2.44551  2.37829
-2.4141  2.44361
-2.38436  2.51122
-2.35619  2.58094
-2.32803  2.51122
-2.29829  2.44361
-2.26688  2.37829
-2.23373  2.31544
-2.19878  2.25527
-2.16797  2.26743
-2.14283  2.17054
-2.10312  2.11808
-2.08254  2.09314
-2.06146  2.06912
-2.03991  2.04603
-2.01787  2.02392
-1.99536  2.00281
-1.97238  1.98274
-1.94894  1.96373
-1.92506  1.94583
-1.90074  1.92905
-1.87602  1.91344
-1.8509  1.89901
-1.82542  1.8858
-1.7996  1.87383
-1.77345  1.86313
-1.74703  1.85371
-1.72036  1.8456
-1.69346  1.83882
-1.66639  1.83337
-1.63918  1.82928
-1.61187  1.82654
-1.58449  1.82517
-1.55746  1.87517
-1.52972  1.82654
-1.50423  1.87916
-1.47773  1.88315
-1.44813  1.83882
-1.42517  1.89506
-1.39917  1.90296
-1.3734  1.91213
-1.3479  1.92256
-1.31617  1.8858
-1.29069  1.89901
-1.26557  1.91344
-1.24085  1.92905
-1.21654  1.94583
-1.19265  1.96373
-1.16922  1.98274
-1.14623  2.00281
-1.12372  2.02392
-1.10168  2.04603
-1.08013  2.06912
-1.05906  2.09314
-1.03847  2.11808
-1.01838  2.14389
-0.992081  2.2397
-0.96099  2.22626
-0.938047  2.32513
-0.907859  2.31544
-0.874712  2.37829
-0.843304  2.44361
-0.81356  2.51122
-0.785398  2.65165
-0.758008  2.58191
-0.72912  2.51421
-0.69866  2.44872
-0.666558  2.38563
-0.632749  2.32513
-0.597177  2.26743
-0.559797  2.21275
-0.520581  2.16131
-0.50028  2.13688
-0.479519  2.11335
-0.4583  2.09075
-0.436627  2.06912
-0.414507  2.04848
-0.391947  2.02885
-0.368959  2.01029
-0.345555  1.9928
-0.32175  1.97642
-0.297562  1.96119
-0.273009  1.94711
-0.248113  1.93423
-0.2229  1.92256
-0.197395  1.91213
-0.171628  1.90296
-0.145628  1.89506
-0.119429  1.88845
-0.0930636  1.88315
-0.0665681  1.87916
-0.0399786  1.8765
-0.0133325  1.87517
0.0129864  1.92516
0.0389414  1.92646
0.0648441  1.92905
0.09066  1.93294
0.116355  1.9381
0.141897  1.94454
0.167254  1.95224
0.192396  1.96119
0.217293  1.97136
0.241921  1.98274
0.266252  1.99531
0.290265  2.00904
0.313938  2.02392
0.337253  2.03991
0.360193  2.057
0.382744  2.07515
0.404892  2.09434
0.426628  2.11453
0.447942  2.13571
0.468829  2.15783
0.489283  2.18088
0.509301  2.20482
0.54042  2.18661
0.566729  2.28172
0.597177  2.26743
0.62025  2.36564
0.64987  2.35505
0.669972  2.45586
0.69866  2.44872
0.72912  2.51421
0.758008  2.58191
0.785398  2.65165
0.812789  2.58191
0.841677  2.51421
0.872136  2.44872
0.904238  2.38563
0.938047  2.32513
0.97362  2.26743
1.011  2.21275
1.05022  2.16131
1.07052  2.13688
1.09128  2.11335
1.1125  2.09075
1.13417  2.06912
1.15629  2.04848
1.17885  2.02885
1.20184  2.01029
1.22524  1.9928
1.24905  1.97642
1.27323  1.96119
1.29779  1.94711
1.32268  1.93423
1.3479  1.92256
1.3734  1.91213
1.39917  1.90296
1.42517  1.89506
1.45137  1.88845
1.47773  1.88315
1.50423  1.87916
1.53082  1.8765
1.55746  1.87517
1.58378  1.92516
1.60974  1.92646
1.63736  1.87916
1.66146  1.93294
1.69023  1.88845
1.71269  1.94454
1.74242  1.90296
1.76819  1.91213
1.7937  1.92256
1.81891  1.93423
1.8438  1.94711
1.86836  1.96119
1.89255  1.97642
1.91635  1.9928
1.93976  2.01029
1.96274  2.02885
1.9853  2.04848
2.00742  2.06912
2.0291  2.09075
2.05032  2.11335
2.07108  2.13688
2.09138  2.16131
2.11882  2.25527
2.14951  2.2397
2.17363  2.33693
2.20355  2.32513
2.22461  2.42513
2.25361  2.41687
2.28489  2.48118
2.31455  2.54779
2.34268  2.61653
2.37008  2.54583
2.39903  2.47715
2.42959  2.41065
2.46186  2.34654
2.4959  2.28501
2.53179  2.22626
2.56956  2.17054
2.60927  2.11808
2.62985  2.09314
2.65092  2.06912
2.67248  2.04603
2.69452  2.02392
2.71703  2.00281
2.74001  1.98274
2.76345  1.96373
2.78733  1.94583
2.81165  1.92905
2.83637  1.91344
2.86148  1.89901
2.88697  1.8858
2.91279  1.87383
2.93893  1.86313
2.96536  1.85371
2.99203  1.8456
3.01892  1.83882
3.04599  1.83337
3.07321  1.82928
3.10052  1.82654
3.12789  1.82517
