0.978348  0.0244454
0.978348  0.0244454
0.978348  0.0244454
0.978348  0.0244454
0.978348  0.0244454
0.978348  0.0244454
0.978348  0.0244454
0.978348  0.0244454
0.978348  0.0244454
0.978348  0.0244454
0.978348  0.0244454
0.978348  0.0244454

-0.520079  0.628519
-0.519696  0.678518
-0.469699  0.678135
-0.524678  0.0285369
-0.524295  0.0785354
-0.523912  0.128534
-0.523528  0.178532
-0.523145  0.228531
-0.522762  0.27853
-0.522379  0.328528
-0.521995  0.378527
-0.521612  0.428525
-0.521229  0.478524
-0.520846  0.528522
-0.520462  0.578521
-0.520079  0.628519
-0.519696  0.678518
-0.469699  0.678135
-0.524678  0.0285369
-0.524295  0.0785354
-0.523912  0.128534
-0.523528  0.178532
-0.523145  0.228531
-0.522762  0.27853
-0.522379  0.328528
-0.521995  0.378527
-0.521612  0.428525
-0.521229  0.478524
-0.520846  0.528522
-0.520462  0.578521
-0.520079  0.628519
-0.519696  0.678518
-0.469699  0.678135
-0.524678  0.0285369
-0.524295  0.0785354
-0.523912  0.128534
-0.523528  0.178532
-0.523145  0.228531
-0.522762  0.27853
-0.522379  0.328528
-0.521995  0.378527
-0.521612  0.428525
-0.521229  0.478524
-0.520846  0.528522
-0.520462  0.578521
-0.520079  0.628519
-0.519696  0.678518
-0.469699  0.678135
-0.524678  0.0285369
-0.524295  0.0785354
-0.523912  0.128534
-0.523528  0.178532
-0.523145  0.228531
-0.522762  0.27853
-0.522379  0.328528
-0.521995  0.378527
-0.521612  0.428525
-0.521229  0.478524
-0.520846  0.528522
-0.520462  0.578521
-0.520079  0.628519
-0.519696  0.678518
-0.469699  0.678135
-0.524678  0.0285369
-0.524295  0.0785354
-0.523912  0.128534
-0.523528  0.178532
-0.523145  0.228531
-0.522762  0.27853
-0.522379  0.328528
-0.521995  0.378527
-0.521612  0.428525
-0.521229  0.478524
-0.520846  0.528522
-0.520462  0.578521
-0.520079  0.628519
-0.519696  0.678518
-0.469699  0.678135
-0.524678  0.0285369
-0.524295  0.0785354
-0.523912  0.128534
-0.523528  0.178532
-0.523145  0.228531
-0.522762  0.27853
-0.522379  0.328528
-0.521995  0.378527
-0.521612  0.428525
-0.521229  0.478524
-0.520846  0.528522
-0.520462  0.578521
-0.520079  0.628519
-0.519696  0.678518
-0.469699  0.678135
-0.524678  0.0285369
-0.524295  0.0785354
-0.523912  0.128534
-0.523528  0.178532
-0.523145  0.228531
-0.522762  0.27853
-0.522379  0.328528
-0.521995  0.378527
-0.521612  0.428525
-0.521229  0.478524
-0.520846  0.528522
-0.520462  0.578521
-0.520079  0.628519
-0.519696  0.678518
-0.469699  0.678135
-0.524678  0.0285369
-0.524295  0.0785354
-0.523912  0.128534
-0.523528  0.178532
-0.523145  0.228531
-0.522762  0.27853
-0.522379  0.328528
-0.521995  0.378527
-0.521612  0.428525
-0.521229  0.478524
-0.520846  0.528522
-0.520462  0.578521
-0.520079  0.628519
-0.519696  0.678518
-0.469699  0.678135
-0.524678  0.0285369
-0.524295  0.0785354
-0.523912  0.128534
-0.523528  0.178532
-0.523145  0.228531
-0.522762  0.27853
-0.522379  0.328528
-0.521995  0.378527
-0.521612  0.428525
-0.521229  0.478524
-0.520846  0.528522
-0.520462  0.578521
-0.520079  0.628519
-0.519696  0.678518
-0.469699  0.678135
-0.524678  0.0285369
-0.524295  0.0785354
-0.523912  0.128534
-0.523528  0.178532
-0.523145  0.228531
-0.522762  0.27853
-0.522379  0.328528
-0.521995  0.378527
-0.521612  0.428525
-0.521229  0.478524
-0.520846  0.528522
-0.520462  0.578521
-0.520079  0.628519
-0.519696  0.678518
-0.469699  0.678135
-0.524678  0.0285369
-0.524295  0.0785354
-0.523912  0.128534
-0.523528  0.178532
-0.523145  0.228531
-0.522762  0.27853
-0.522379  0.328528
-0.521995  0.378527
-0.521612  0.428525
-0.521229  0.478524
-0.520846  0.528522
-0.520462  0.578521
-0.520079  0.628519
-0.519696  0.678518
-0.469699  0.678135
-0.524678  0.0285369
-0.524295  0.0785354
-0.523912  0.128534
-0.523528  0.178532
-0.523145  0.228531
-0.522762  0.27853
-0.522379  0.328528
-0.521995  0.378527
-0.521612  0.428525
-0.521229  0.478524
-0.520846  0.528522
-0.520462  0.578521
-0.520079  0.628519
-0.519696  0.678518
-0.469699  0.678135
-0.524678  0.0285369
-0.524295  0.0785354
-0.523912  0.128534
-0.523528  0.178532
-0.523145  0.228531
-0.522762  0.27853
-0.522379  0.328528
-0.521995  0.378527
-0.521612  0.428525
-0.521229  0.478524
-0.520846  0.528522
-0.520462  0.578521
-0.520079  0.628519
-0.519696  0.678518
-0.469699  0.678135
-0.524678  0.0285369
-0.524295  0.0785354
-0.523912  0.128534
-0.523528  0.178532
-0.523145  0.228531
-0.522762  0.27853
-0.522379  0.328528
-0.521995  0.378527
-0.521612  0.428525
-0.521229  0.478524
-0.520846  0.528522
-0.520462  0.578521
-0.520079  0.628519
-0.519696  0.678518
-0.469699  0.678135
-0.524678  0.0285369
-0.524295  0.0785354
-0.523912  0.128534
-0.523528  0.178532
-0.523145  0.228531
-0.522762  0.27853
-0.522379  0.328528
-0.521995  0.378527
-0.521612  0.428525
-0.521229  0.478524
-0.520846  0.528522
-0.520462  0.578521
-0.520079  0.628519
-0.519696  0.678518
-0.469699  0.678135
-0.524678  0.0285369
-0.524295  0.0785354
-0.523912  0.128534
-0.523528  0.178532
-0.523145  0.228531
-0.522762  0.27853
-0.522379  0.328528
-0.521995  0.378527
-0.521612  0.428525
-0.521229  0.478524
-0.520846  0.528522
-0.520462  0.578521
-0.520079  0.628519
-0.519696  0.678518
-0.469699  0.678135
-0.524678  0.0285369
-0.524295  0.0785354
-0.523912  0.128534
-0.523528  0.178532
-0.523145  0.228531
-0.522762  0.27853
-0.522379  0.328528
-0.521995  0.378527
-0.521612  0.428525
-0.521229  0.478524
-0.520846  0.528522
-0.520462  0.578521
-0.520079  0.628519
-0.519696  0.678518
-0.469699  0.678135
-0.524678  0.0285369
-0.524295  0.0785354
-0.523912  0.128534
-0.523528  0.178532
-0.523145  0.228531
-0.522762  0.27853
-0.522379  0.328528
-0.521995  0.378527
-0.521612  0.428525
-0.521229  0.478524
-0.520846  0.528522
-0.520462  0.578521
-0.520079  0.628519
-0.519696  0.678518
-0.469699  0.678135
-0.524678  0.0285369
-0.524295  0.0785354
-0.523912  0.128534
-0.523528  0.178532
-0.523145  0.228531
-0.522762  0.27853
-0.522379  0.328528
-0.521995  0.378527
-0.521612  0.428525
-0.521229  0.478524
-0.520846  0.528522
-0.520462  0.578521
-0.520079  0.628519
-0.519696  0.678518
-0.469699  0.678135
-0.524678  0.0285369
-0.524295  0.0785354
-0.523912  0.128534
-0.523528  0.178532
-0.523145  0.228531
-0.522762  0.27853
-0.522379  0.328528
-0.521995  0.378527
-0.521612  0.428525
-0.521229  0.478524
-0.520846  0.528522
-0.520462  0.578521
-0.520079  0.628519
-0.519696  0.678518
-0.469699  0.678135
-0.524678  0.0285369
-0.524295  0.0785354
-0.523912  0.128534
-0.523528  0.178532
-0.523145  0.228531
-0.522762  0.27853
-0.522379  0.328528
-0.521995  0.378527
-0.521612  0.428525
-0.521229  0.478524
-0.520846  0.528522
-0.520462  0.578521
-0.520079  0.628519
-0.519696  0.678518
-0.469699  0.678135
-0.524678  0.0285369
-0.524295  0.0785354
-0.523912  0.128534
-0.523528  0.178532
-0.523145  0.228531
-0.522762  0.27853
-0.522379  0.328528
-0.521995  0.378527
-0.521612  0.428525
-0.521229  0.478524
-0.520846  0.528522
-0.520462  0.578521
-0.520079  0.628519
-0.519696  0.678518
-0.469699  0.678135
-0.524678  0.0285369
-0.524295  0.0785354
-0.523912  0.128534
-0.523528  0.178532
-0.523145  0.228531
-0.522762  0.27853
-0.522379  0.328528
-0.521995  0.378527
-0.521612  0.428525
-0.521229  0.478524
-0.520846  0.528522
-0.520462  0.578521
-0.520079  0.628519
-0.519696  0.678518
-0.469699  0.678135
-0.524678  0.0285369
-0.524295  0.0785354
-0.523912  0.128534
-0.523528  0.178532
-0.523145  0.228531
-0.522762  0.27853
-0.522379  0.328528
-0.521995  0.378527
-0.521612  0.428525
-0.521229  0.478524
-0.520846  0.528522
-0.520462  0.578521
-0.520079  0.628519
-0.519696  0.678518
-0.469699  0.678135
-0.524678  0.0285369
-0.524295  0.0785354
-0.523912  0.128534
-0.523528  0.178532
-0.523145  0.228531
-0.522762  0.27853
-0.522379  0.328528
-0.521995  0.378527
-0.521612  0.428525
-0.521229  0.478524
-0.520846  0.528522
-0.520462  0.578521
-0.520079  0.628519
-0.519696  0.678518
-0.469699  0.678135
-0.524678  0.0285369
-0.524295  0.0785354
-0.523912  0.128534
-0.523528  0.178532
-0.523145  0.228531
-0.522762  0.27853
-0.522379  0.328528
-0.521995  0.378527
-0.521612  0.428525
-0.521229  0.478524
-0.520846  0.528522
-0.520462  0.578521
-0.520079  0.628519
-0.519696  0.678518
-0.469699  0.678135
-0.524678  0.0285369
-0.524295  0.0785354
-0.523912  0.128534
-0.523528  0.178532
-0.523145  0.228531
-0.522762  0.27853
-0.522379  0.328528
-0.521995  0.378527
-0.521612  0.428525
-0.521229  0.478524
-0.520846  0.528522
-0.520462  0.578521
-0.520079  0.628519
-0.519696  0.678518
-0.469699  0.678135
-0.524678  0.0285369
-0.524295  0.0785354
-0.523912  0.128534
-0.523528  0.178532
-0.523145  0.228531
-0.522762  0.27853
-0.522379  0.328528
-0.521995  0.378527
-0.521612  0.428525
-0.521229  0.478524
-0.520846  0.528522
-0.520462  0.578521
-0.520079  0.628519
-0.519696  0.678518
-0.469699  0.678135
-0.524678  0.0285369
-0.524295  0.0785354
-0.523912  0.128534
-0.523528  0.178532
-0.523145  0.228531
-0.522762  0.27853
-0.522379  0.328528
-0.521995  0.378527
-0.521612  0.428525
-0.521229  0.478524
-0.520846  0.528522
-0.520462  0.578521
-0.520079  0.628519
-0.519696  0.678518
-0.469699  0.678135
-0.524678  0.0285369
-0.524295  0.0785354
-0.523912  0.128534
-0.523528  0.178532
-0.523145  0.228531
-0.522762  0.27853
-0.522379  0.328528
-0.521995  0.378527
-0.521612  0.428525
-0.521229  0.478524
-0.520846  0.528522
-0.520462  0.578521
-0.520079  0.628519
-0.519696  0.678518
-0.469699  0.678135
-0.524678  0.0285369
-0.524295  0.0785354
-0.523912  0.128534
-0.523528  0.178532
-0.523145  0.228531
-0.522762  0.27853
-0.522379  0.328528
-0.521995  0.378527
-0.521612  0.428525
-0.521229  0.478524
-0.520846  0.528522
-0.520462  0.578521
-0.520079  0.628519
-0.519696  0.678518
-0.469699  0.678135
-0.524678  0.0285369
-0.524295  0.0785354
-0.523912  0.128534
-0.523528  0.178532
-0.523145  0.228531
-0.522762  0.27853
-0.522379  0.328528
-0.521995  0.378527
-0.521612  0.428525
-0.521229  0.478524
-0.520846  0.528522
-0.520462  0.578521
-0.520079  0.628519
-0.519696  0.678518
-0.469699  0.678135
-0.524678  0.0285369
-0.524295  0.0785354
-0.523912  0.128534
-0.523528  0.178532
-0.523145  0.228531
-0.522762  0.27853
-0.522379  0.328528
-0.521995  0.378527
-0.521612  0.428525
-0.521229  0.478524
-0.520846  0.528522
-0.520462  0.578521
-0.520079  0.628519
-0.519696  0.678518
-0.469699  0.678135
-0.524678  0.0285369
-0.524295  0.0785354
-0.523912  0.128534
-0.523528  0.178532
-0.523145  0.228531
-0.522762  0.27853
-0.522379  0.328528
-0.521995  0.378527
-0.521612  0.428525
-0.521229  0.478524
-0.520846  0.528522
-0.520462  0.578521
-0.520079  0.628519
-0.519696  0.678518
-0.469699  0.678135
-0.524678  0.0285369
-0.524295  0.0785354
-0.523912  0.128534
-0.523528  0.178532
-0.523145  0.228531
-0.522762  0.27853
-0.522379  0.328528
-0.521995  0.378527
-0.521612  0.428525
-0.521229  0.478524
-0.520846  0.528522
-0.520462  0.578521
-0.520079  0.628519
-0.519696  0.678518
-0.469699  0.678135
-0.524678  0.0285369
-0.524295  0.0785354
-0.523912  0.128534
-0.523528  0.178532
-0.523145  0.228531
-0.522762  0.27853
-0.522379  0.328528
-0.521995  0.378527
-0.521612  0.428525
-0.521229  0.478524
-0.520846  0.528522
-0.520462  0.578521
-0.520079  0.628519
-0.519696  0.678518
-0.469699  0.678135
-0.524678  0.0285369
-0.524295  0.0785354
-0.523912  0.128534
-0.523528  0.178532
-0.523145  0.228531
-0.522762  0.27853
-0.522379  0.328528
-0.521995  0.378527
-0.521612  0.428525
-0.521229  0.478524
-0.520846  0.528522
-0.520462  0.578521
-0.520079  0.628519
-0.519696  0.678518
-0.469699  0.678135
-0.524678  0.0285369
-0.524295  0.0785354
-0.523912  0.128534
-0.523528  0.178532
-0.523145  0.228531
-0.522762  0.27853
-0.522379  0.328528
-0.521995  0.378527
-0.521612  0.428525
-0.521229  0.478524
-0.520846  0.528522
-0.520462  0.578521
-0.520079  0.628519
-0.519696  0.678518
-0.469699  0.678135
-0.524678  0.0285369
-0.524295  0.0785354
-0.523912  0.128534
-0.523528  0.178532
-0.523145  0.228531
-0.522762  0.27853
-0.522379  0.328528
-0.521995  0.378527
-0.521612  0.428525
-0.521229  0.478524
-0.520846  0.528522
-0.520462  0.578521
-0.520079  0.628519
-0.519696  0.678518
-0.469699  0.678135
-0.524678  0.0285369
-0.524295  0.0785354
-0.523912  0.128534
-0.523528  0.178532
-0.523145  0.228531
-0.522762  0.27853
-0.522379  0.328528
-0.521995  0.378527
-0.521612  0.428525
-0.521229  0.478524
-0.520846  0.528522
-0.520462  0.578521
-0.520079  0.628519
-0.519696  0.678518
-0.469699  0.678135
-0.524678  0.0285369
-0.524295  0.0785354
-0.523912  0.128534
-0.523528  0.178532
-0.523145  0.228531
-0.522762  0.27853
-0.522379  0.328528
-0.521995  0.378527
-0.521612  0.428525
-0.521229  0.478524
-0.520846  0.528522
-0.520462  0.578521
-0.520079  0.628519
-0.519696  0.678518
-0.469699  0.678135
-0.524678  0.0285369
-0.524295  0.0785354
-0.523912  0.128534
-0.523528  0.178532
-0.523145  0.228531
-0.522762  0.27853
-0.522379  0.328528
-0.521995  0.378527
-0.521612  0.428525
-0.521229  0.478524
-0.520846  0.528522
-0.520462  0.578521
-0.520079  0.628519
-0.519696  0.678518
-0.469699  0.678135
-0.524678  0.0285369
-0.524295  0.0785354
-0.523912  0.128534
-0.523528  0.178532
-0.523145  0.228531
-0.522762  0.27853
-0.522379  0.328528
-0.521995  0.378527
-0.521612  0.428525
-0.521229  0.478524
-0.520846  0.528522
-0.520462  0.578521
-0.520079  0.628519
-0.519696  0.678518
-0.469699  0.678135
-0.524678  0.0285369
-0.524295  0.0785354
-0.523912  0.128534
-0.523528  0.178532
-0.523145  0.228531
-0.522762  0.27853
-0.522379  0.328528
-0.521995  0.378527
-0.521612  0.428525
-0.521229  0.478524
-0.520846  0.528522
-0.520462  0.578521
-0.520079  0.628519
-0.519696  0.678518
-0.469699  0.678135
-0.524678  0.0285369
-0.524295  0.0785354
-0.523912  0.128534
-0.523528  0.178532
-0.523145  0.228531
-0.522762  0.27853
-0.522379  0.328528
-0.521995  0.378527
-0.521612  0.428525
-0.521229  0.478524
-0.520846  0.528522
-0.520462  0.578521
-0.520079  0.628519
-0.519696  0.678518
-0.469699  0.678135
-0.524678  0.0285369
-0.524295  0.0785354
-0.523912  0.128534
-0.523528  0.178532
-0.523145  0.228531
-0.522762  0.27853
-0.522379  0.328528
-0.521995  0.378527
-0.521612  0.428525
-0.521229  0.478524
-0.520846  0.528522
-0.520462  0.578521
-0.520079  0.628519
-0.519696  0.678518
-0.469699  0.678135
-0.524678  0.0285369
-0.524295  0.0785354
-0.523912  0.128534
-0.523528  0.178532
-0.523145  0.228531
-0.522762  0.27853
-0.522379  0.328528
-0.521995  0.378527
-0.521612  0.428525
-0.521229  0.478524
-0.520846  0.528522
-0.520462  0.578521
-0.520079  0.628519
-0.519696  0.678518
-0.469699  0.678135
-0.524678  0.0285369
-0.524295  0.0785354
-0.523912  0.128534
-0.523528  0.178532
-0.523145  0.228531
-0.522762  0.27853
-0.522379  0.328528
-0.521995  0.378527
-0.521612  0.428525
-0.521229  0.478524
-0.520846  0.528522
-0.520462  0.578521
-0.520079  0.628519
-0.519696  0.678518
-0.469699  0.678135
-0.524678  0.0285369
-0.524295  0.0785354
-0.523912  0.128534
-0.523528  0.178532
-0.523145  0.228531
-0.522762  0.27853
-0.522379  0.328528
-0.521995  0.378527
-0.521612  0.428525
-0.521229  0.478524
-0.520846  0.528522
-0.520462  0.578521
-0.520079  0.628519
-0.519696  0.678518
-0.469699  0.678135
-0.524678  0.0285369
-0.524295  0.0785354
-0.523912  0.128534
-0.523528  0.178532
-0.523145  0.228531
-0.522762  0.27853
-0.522379  0.328528
-0.521995  0.378527
-0.521612  0.428525
-0.521229  0.478524
-0.520846  0.528522
-0.520462  0.578521
-0.520079  0.628519
-0.519696  0.678518
-0.469699  0.678135
-0.524678  0.0285369
-0.524295  0.0785354
-0.523912  0.128534
-0.523528  0.178532
-0.523145  0.228531
-0.522762  0.27853
-0.522379  0.328528
-0.521995  0.378527
-0.521612  0.428525
-0.521229  0.478524
-0.520846  0.528522
-0.520462  0.578521
-0.520079  0.628519
-0.519696  0.678518
-0.469699  0.678135
-0.524678  0.0285369
-0.524295  0.0785354
-0.523912  0.128534
-0.523528  0.178532
-0.523145  0.228531
-0.522762  0.27853
-0.522379  0.328528
-0.521995  0.378527
-0.521612  0.428525
-0.521229  0.478524
-0.520846  0.528522
-0.520462  0.578521
-0.520079  0.628519
-0.519696  0.678518
-0.469699  0.678135
-0.524678  0.0285369
-0.524295  0.0785354
-0.523912  0.128534
-0.523528  0.178532
-0.523145  0.228531
-0.522762  0.27853
-0.522379  0.328528
-0.521995  0.378527
-0.521612  0.428525
-0.521229  0.478524
-0.520846  0.528522
-0.520462  0.578521
-0.520079  0.628519
-0.519696  0.678518
-0.469699  0.678135
-0.524678  0.0285369
-0.524295  0.0785354
-0.523912  0.128534
-0.523528  0.178532
-0.523145  0.228531
-0.522762  0.27853
-0.522379  0.328528
-0.521995  0.378527
-0.521612  0.428525
-0.521229  0.478524
-0.520846  0.528522
-0.520462  0.578521
-0.520079  0.628519
-0.519696  0.678518
-0.469699  0.678135
-0.524678  0.0285369
-0.524295  0.0785354
-0.523912  0.128534
-0.523528  0.178532
-0.523145  0.228531
-0.522762  0.27853
-0.522379  0.328528
-0.521995  0.378527
-0.521612  0.428525
-0.521229  0.478524
-0.520846  0.528522
-0.520462  0.578521
-0.520079  0.628519
-0.519696  0.678518
-0.469699  0.678135
-0.524678  0.0285369
-0.524295  0.0785354
-0.523912  0.128534
-0.523528  0.178532
-0.523145  0.228531
-0.522762  0.27853
-0.522379  0.328528
-0.521995  0.378527
-0.521612  0.428525
-0.521229  0.478524
-0.520846  0.528522
-0.520462  0.578521
-0.520079  0.628519
-0.519696  0.678518
-0.469699  0.678135
-0.524678  0.0285369
-0.524295  0.0785354
-0.523912  0.128534
-0.523528  0.178532
-0.523145  0.228531
-0.522762  0.27853
-0.522379  0.328528
-0.521995  0.378527
-0.521612  0.428525
-0.521229  0.478524
-0.520846  0.528522
-0.520462  0.578521
-0.520079  0.628519
-0.519696  0.678518
-0.469699  0.678135
-0.524678  0.0285369
-0.524295  0.0785354
-0.523912  0.128534
-0.523528  0.178532
-0.523145  0.228531
-0.522762  0.27853
-0.522379  0.328528
-0.521995  0.378527
-0.521612  0.428525
-0.521229  0.478524
-0.520846  0.528522
-0.520462  0.578521
-0.520079  0.628519
-0.519696  0.678518
-0.469699  0.678135
-0.524678  0.0285369
-0.524295  0.0785354
-0.523912  0.128534
-0.523528  0.178532
-0.523145  0.228531
-0.522762  0.27853
-0.522379  0.328528
-0.521995  0.378527
-0.521612  0.428525
-0.521229  0.478524
-0.520846  0.528522
-0.520462  0.578521
-0.520079  0.628519
-0.519696  0.678518
-0.469699  0.678135
-0.524678  0.0285369
-0.524295  0.0785354
-0.523912  0.128534
-0.523528  0.178532
-0.523145  0.228531
-0.522762  0.27853
-0.522379  0.328528
-0.521995  0.378527
-0.521612  0.428525
-0.521229  0.478524
-0.520846  0.528522
-0.520462  0.578521
-0.520079  0.628519
-0.519696  0.678518
-0.469699  0.678135
-0.524678  0.0285369
-0.524295  0.0785354
-0.523912  0.128534
-0.523528  0.178532
-0.523145  0.228531
-0.522762  0.27853
-0.522379  0.328528
-0.521995  0.378527
-0.521612  0.428525
-0.521229  0.478524
-0.520846  0.528522
-0.520462  0.578521
-0.520079  0.628519
-0.519696  0.678518
-0.469699  0.678135
1
-0.520079  0.628519
-0.519696  0.678518
-0.469699  0.678134

-0.523234  0.526487
-0.523072  0.576487
-0.522911  0.626487
-0.522749  0.676487
-0.472751  0.676325
-0.524848  0.0264901
-0.524687  0.0764898
-0.524525  0.12649
-0.524364  0.176489
-0.524202  0.226489
-0.524041  0.276489
-0.523879  0.326489
-0.523718  0.376488
-0.523557  0.426488
-0.523395  0.476488
-0.523234  0.526487
-0.523072  0.576487
-0.522911  0.626487
-0.522749  0.676487
-0.472751  0.676325
-0.524848  0.0264901
-0.524687  0.0764898
-0.524525  0.12649
-0.524364  0.176489
-0.524202  0.226489
-0.524041  0.276489
-0.523879  0.326489
-0.523718  0.376488
-0.523557  0.426488
-0.523395  0.476488
-0.523234  0.526487
-0.523072  0.576487
-0.522911  0.626487
-0.522749  0.676487
-0.472751  0.676325
-0.524848  0.0264901
-0.524687  0.0764898
-0.524525  0.12649
-0.524364  0.176489
-0.524202  0.226489
-0.524041  0.276489
-0.523879  0.326489
-0.523718  0.376488
-0.523557  0.426488
-0.523395  0.476488
-0.523234  0.526487
-0.523072  0.576487
-0.522911  0.626487
-0.522749  0.676487
-0.472751  0.676325
-0.524848  0.0264901
-0.524687  0.0764898
-0.524525  0.12649
-0.524364  0.176489
-0.524202  0.226489
-0.524041  0.276489
-0.523879  0.326489
-0.523718  0.376488
-0.523557  0.426488
-0.523395  0.476488
-0.523234  0.526487
-0.523072  0.576487
-0.522911  0.626487
-0.522749  0.676487
-0.472751  0.676325
-0.524848  0.0264901
-0.524687  0.0764898
-0.524525  0.12649
-0.524364  0.176489
-0.524202  0.226489
-0.524041  0.276489
-0.523879  0.326489
-0.523718  0.376488
-0.523557  0.426488
-0.523395  0.476488
-0.523234  0.526487
-0.523072  0.576487
-0.522911  0.626487
-0.522749  0.676487
-0.472751  0.676325
-0.524848  0.0264901
-0.524687  0.0764898
-0.524525  0.12649
-0.524364  0.176489
-0.524202  0.226489
-0.524041  0.276489
-0.523879  0.326489
-0.523718  0.376488
-0.523557  0.426488
-0.523395  0.476488
-0.523234  0.526487
-0.523072  0.576487
-0.522911  0.626487
-0.522749  0.676487
-0.472751  0.676325
-0.524848  0.0264901
-0.524687  0.0764898
-0.524525  0.12649
-0.524364  0.176489
-0.524202  0.226489
-0.524041  0.276489
-0.523879  0.326489
-0.523718  0.376488
-0.523557  0.426488
-0.523395  0.476488
-0.523234  0.526487
-0.523072  0.576487
-0.522911  0.626487
-0.522749  0.676487
-0.472751  0.676325
-0.524848  0.0264901
-0.524687  0.0764898
-0.524525  0.12649
-0.524364  0.176489
-0.524202  0.226489
-0.524041  0.276489
-0.523879  0.326489
-0.523718  0.376488
-0.523557  0.426488
-0.523395  0.476488
-0.523234  0.526487
-0.523072  0.576487
-0.522911  0.626487
-0.522749  0.676487
-0.472751  0.676325
-0.524848  0.0264901
-0.524687  0.0764898
-0.524525  0.12649
-0.524364  0.176489
-0.524202  0.226489
-0.524041  0.276489
-0.523879  0.326489
-0.523718  0.376488
-0.523557  0.426488
-0.523395  0.476488
-0.523234  0.526487
-0.523072  0.576487
-0.522911  0.626487
-0.522749  0.676487
-0.472751  0.676325
-0.524848  0.0264901
-0.524687  0.0764898
-0.524525  0.12649
-0.524364  0.176489
-0.524202  0.226489
-0.524041  0.276489
-0.523879  0.326489
-0.523718  0.376488
-0.523557  0.426488
-0.523395  0.476488
-0.523234  0.526487
-0.523072  0.576487
-0.522911  0.626487
-0.522749  0.676487
-0.472751  0.676325
-0.524848  0.0264901
-0.524687  0.0764898
-0.524525  0.12649
-0.524364  0.176489
-0.524202  0.226489
-0.524041  0.276489
-0.523879  0.326489
-0.523718  0.376488
-0.523557  0.426488
-0.523395  0.476488
-0.523234  0.526487
-0.523072  0.576487
-0.522911  0.626487
-0.522749  0.676487
-0.472751  0.676325
-0.524848  0.0264901
-0.524687  0.0764898
-0.524525  0.12649
-0.524364  0.176489
-0.524202  0.226489
-0.524041  0.276489
-0.523879  0.326489
-0.523718  0.376488
-0.523557  0.426488
-0.523395  0.476488
-0.523234  0.526487
-0.523072  0.576487
-0.522911  0.626487
-0.522749  0.676487
-0.472751  0.676325
-0.524848  0.0264901
-0.524687  0.0764898
-0.524525  0.12649
-0.524364  0.176489
-0.524202  0.226489
-0.524041  0.276489
-0.523879  0.326489
-0.523718  0.376488
-0.523557  0.426488
-0.523395  0.476488
-0.523234  0.526487
-0.523072  0.576487
-0.522911  0.626487
-0.522749  0.676487
-0.472751  0.676325
-0.524848  0.0264901
-0.524687  0.0764898
-0.524525  0.12649
-0.524364  0.176489
-0.524202  0.226489
-0.524041  0.276489
-0.523879  0.326489
-0.523718  0.376488
-0.523557  0.426488
-0.523395  0.476488
-0.523234  0.526487
-0.523072  0.576487
-0.522911  0.626487
-0.522749  0.676487
-0.472751  0.676325
-0.524848  0.0264901
-0.524687  0.0764898
-0.524525  0.12649
-0.524364  0.176489
-0.524202  0.226489
-0.524041  0.276489
-0.523879  0.326489
-0.523718  0.376488
-0.523557  0.426488
-0.523395  0.476488
-0.523234  0.526487
-0.523072  0.576487
-0.522911  0.626487
-0.522749  0.676487
-0.472751  0.676325
-0.524848  0.0264901
-0.524687  0.0764898
-0.524525  0.12649
-0.524364  0.176489
-0.524202  0.226489
-0.524041  0.276489
-0.523879  0.326489
-0.523718  0.376488
-0.523557  0.426488
-0.523395  0.476488
-0.523234  0.526487
-0.523072  0.576487
-0.522911  0.626487
-0.522749  0.676487
-0.472751  0.676325
-0.524848  0.0264901
-0.524687  0.0764898
-0.524525  0.12649
-0.524364  0.176489
-0.524202  0.226489
-0.524041  0.276489
-0.523879  0.326489
-0.523718  0.376488
-0.523557  0.426488
-0.523395  0.476488
-0.523234  0.526487
-0.523072  0.576487
-0.522911  0.626487
-0.522749  0.676487
-0.472751  0.676325
-0.524848  0.0264901
-0.524687  0.0764898
-0.524525  0.12649
-0.524364  0.176489
-0.524202  0.226489
-0.524041  0.276489
-0.523879  0.326489
-0.523718  0.376488
-0.523557  0.426488
-0.523395  0.476488
-0.523234  0.526487
-0.523072  0.576487
-0.522911  0.626487
-0.522749  0.676487
-0.472751  0.676325
-0.524848  0.0264901
-0.524687  0.0764898
-0.524525  0.12649
-0.524364  0.176489
-0.524202  0.226489
-0.524041  0.276489
-0.523879  0.326489
-0.523718  0.376488
-0.523557  0.426488
-0.523395  0.476488
-0.523234  0.526487
-0.523072  0.576487
-0.522911  0.626487
-0.522749  0.676487
-0.472751  0.676325
-0.524848  0.0264901
-0.524687  0.0764898
-0.524525  0.12649
-0.524364  0.176489
-0.524202  0.226489
-0.524041  0.276489
-0.523879  0.326489
-0.523718  0.376488
-0.523557  0.426488
-0.523395  0.476488
-0.523234  0.526487
-0.523072  0.576487
-0.522911  0.626487
-0.522749  0.676487
-0.472751  0.676325
-0.524848  0.0264901
-0.524687  0.0764898
-0.524525  0.12649
-0.524364  0.176489
-0.524202  0.226489
-0.524041  0.276489
-0.523879  0.326489
-0.523718  0.376488
-0.523557  0.426488
-0.523395  0.476488
-0.523234  0.526487
-0.523072  0.576487
-0.522911  0.626487
-0.522749  0.676487
-0.472751  0.676325
-0.524848  0.0264901
-0.524687  0.0764898
-0.524525  0.12649
-0.524364  0.176489
-0.524202  0.226489
-0.524041  0.276489
-0.523879  0.326489
-0.523718  0.376488
-0.523557  0.426488
-0.523395  0.476488
-0.523234  0.526487
-0.523072  0.576487
-0.522911  0.626487
-0.522749  0.676487
-0.472751  0.676325
-0.524848  0.0264901
-0.524687  0.0764898
-0.524525  0.12649
-0.524364  0.176489
-0.524202  0.226489
-0.524041  0.276489
-0.523879  0.326489
-0.523718  0.376488
-0.523557  0.426488
-0.523395  0.476488
-0.523234  0.526487
-0.523072  0.576487
-0.522911  0.626487
-0.522749  0.676487
-0.472751  0.676325
-0.524848  0.0264901
-0.524687  0.0764898
-0.524525  0.12649
-0.524364  0.176489
-0.524202  0.226489
-0.524041  0.276489
-0.523879  0.326489
-0.523718  0.376488
-0.523557  0.426488
-0.523395  0.476488
-0.523234  0.526487
-0.523072  0.576487
-0.522911  0.626487
-0.522749  0.676487
-0.472751  0.676325
-0.524848  0.0264901
-0.524687  0.0764898
-0.524525  0.12649
-0.524364  0.176489
-0.524202  0.226489
-0.524041  0.276489
-0.523879  0.326489
-0.523718  0.376488
-0.523557  0.426488
-0.523395  0.476488
-0.523234  0.526487
-0.523072  0.576487
-0.522911  0.626487
-0.522749  0.676487
-0.472751  0.676325
-0.524848  0.0264901
-0.524687  0.0764898
-0.524525  0.12649
-0.524364  0.176489
-0.524202  0.226489
-0.524041  0.276489
-0.523879  0.326489
-0.523718  0.376488
-0.523557  0.426488
-0.523395  0.476488
-0.523234  0.526487
-0.523072  0.576487
-0.522911  0.626487
-0.522749  0.676487
-0.472751  0.676325
-0.524848  0.0264901
-0.524687  0.0764898
-0.524525  0.12649
-0.524364  0.176489
-0.524202  0.226489
-0.524041  0.276489
-0.523879  0.326489
-0.523718  0.376488
-0.523557  0.426488
-0.523395  0.476488
-0.523234  0.526487
-0.523072  0.576487
-0.522911  0.626487
-0.522749  0.676487
-0.472751  0.676325
-0.524848  0.0264901
-0.524687  0.0764898
-0.524525  0.12649
-0.524364  0.176489
-0.524202  0.226489
-0.524041  0.276489
-0.523879  0.326489
-0.523718  0.376488
-0.523557  0.426488
-0.523395  0.476488
-0.523234  0.526487
-0.523072  0.576487
-0.522911  0.626487
-0.522749  0.676487
-0.472751  0.676325
35  0.526486
-0.523074  0.576486
-0.522913  0.626485
-0.522751  0.676485
-0.472753  0.676324
 0.426463
-0.523422  0.476462
-0.523263  0.526462
-0.523105  0.576462
-0.522946  0.626462
-0.522787  0.676461
-0.52485  0.0264645
-0.524692  0.0764643
-0.524533  0.126464
-0.524374  0.176464
-0.524216  0.226464
-0.524057  0.276463
-0.523898  0.326463
-0.523739  0.376463
-0.523581  0.426463
-0.523422  0.476462
-0.523263  0.526462
-0.523105  0.576462
-0.522946  0.626462
-0.522787  0.676461
-0.52485  0.0264645
-0.524692  0.0764643
-0.524533  0.126464
-0.524374  0.176464
-0.524216  0.226464
-0.524057  0.276463
-0.523898  0.326463
-0.523739  0.376463
-0.523581  0.426463
-0.523422  0.476462
-0.523263  0.526462
-0.523105  0.576462
-0.522946  0.626462
-0.522787  0.676461
-0.52485  0.0264645
-0.524692  0.0764643
-0.524533  0.126464
-0.524374  0.176464
-0.524216  0.226464
-0.524057  0.276463
-0.523898  0.326463
-0.523739  0.376463
-0.523581  0.426463
-0.523422  0.476462
-0.523263  0.526462
-0.523105  0.576462
-0.522946  0.626462
-0.522787  0.676461
06522  2.05225
-3.1152  2.05078
-3.11372  2.0008
-3.16517  2.0493
-3.1637  1.99933
-3.21368  1.99785
-3.2122  1.94787
-3.26218  1.9464
-3.31216  1.94493
-3.31068  1.89495
-3.36066  1.89347
-3.41064  1.892
-3.40916  1.84202
-3.45914  1.84055
-3.45767  1.79057
-3.50764  1.7891
-3.55762  1.78762
-3.55615  1.73764
-3.60612  1.73617
-3.65463  1.68472
-3.7046  1.68325
-3.7531  1.63179
-3.80308  1.63032
-3.80161  1.58034
-3.85158  1.57887
-3.90156  1.57739
-3.90009  1.52742
-3.95006  1.52594
-3.99857  1.47449
-4.04854  1.47302
-4.04707  1.42304
-4.09705  1.42156
-4.14555  1.37011
-4.19553  1.36864
-4.2455  1.36716
-4.29401  1.31571
-4.39249  1.26279
-4.39101  1.21281
-4.38954  1.16283
-4.38807  1.11285
-4.38659  1.06287
-4.38512  1.01289
-4.38364  0.962916
-4.38217  0.912938
-4.3807  0.86296
-4.44099  1.21133
-4.4351  1.01142
-4.43215  0.911464
-4.47918  0.810034
-4.62616  0.705656
0.176033  0.697203
0.177507  0.647225
0.178981  0.597247
0.180454  0.547268
0.181928  0.49729
0.183402  0.447312
0.184876  0.397334
0.186349  0.347355
0.187823  0.297377
0.189297  0.247399
0.19077  0.197421
0.192244  0.147442
0.193718  0.097464
0.195192  0.0474857
-0.179699  0.8868
-0.336998  1.13227
-0.394344  1.38069
-0.39287  1.33071
-0.391396  1.28073
-0.389923  1.23075
-0.388449  1.18077
-0.386975  1.1308
-0.385501  1.08082
-0.384028  1.03084
-0.382554  0.980861
-0.445794  1.42919
-0.444321  1.37921
-0.495771  1.42772
-0.547222  1.47622
-0.545748  1.42624
-0.597198  1.47475
-0.648649  1.52325
-0.698626  1.52178
-0.750076  1.57028
-0.801527  1.61879
-0.800053  1.56881
-0.851504  1.61732
-0.902954  1.66582
-0.90148  1.61584
-0.952931  1.66435
-1.00438  1.71285
-1.00291  1.66287
-1.05583  1.76135
-1.05436  1.71138
-1.10581  1.75988
-1.15726  1.80839
-1.15579  1.75841
-1.20724  1.80691
-1.25869  1.85542
-1.25721  1.80544
-1.31014  1.90392
-1.30866  1.85394
-1.36011  1.90245
-1.35864  1.85247
-1.41156  1.95095
-1.41009  1.90097
-1.46154  1.94948
-1.46007  1.8995
-1.51299  1.99798
-1.51152  1.948
-1.56297  1.99651
-1.56149  1.94653
-1.61442  2.04501
-1.61295  1.99503
-1.66587  2.09352
-1.6644  2.04354
-1.71585  2.09204
-1.71437  2.04207
-1.7673  2.14055
-1.76582  2.09057
-1.81727  2.13907
-1.86872  2.18758
-1.86725  2.1376
-1.92017  2.23608
-1.9187  2.18611
-1.97015  2.23461
-1.96868  2.18463
-2.0216  2.28311
-2.02013  2.23314
-2.07158  2.28164
-2.07011  2.23166
-2.12303  2.33015
-2.12156  2.28017
-2.17301  2.32867
-2.22446  2.37718
-2.22298  2.3272
-2.27443  2.3757
-2.32588  2.42421
-2.32441  2.37423
-2.37733  2.47271
-2.37586  2.42273
-2.42731  2.47124
-2.42584  2.42126
-2.47729  2.46976
-2.47581  2.41979
-2.52579  2.41831
-2.52432  2.36833
-2.57429  2.36686
-2.62427  2.36539
-2.6228  2.31541
-2.67425  2.36391
-2.67277  2.31393
-2.6713  2.26396
-2.72275  2.31246
-2.72128  2.26248
-2.77125  2.26101
-2.76978  2.21103
-2.82123  2.25953
-2.81976  2.20956
-2.86973  2.20808
-2.86826  2.1581
-2.91971  2.20661
-2.91824  2.15663
-2.96821  2.15516
-2.96674  2.10518
-3.01672  2.1037
-3.06669  2.10223
-3.06522  2.05225
-3.1152  2.05078
-3.11372  2.0008
-3.16517  2.0493
-3.1637  1.99933
-3.21368  1.99785
-3.2122  1.94787
-3.26218  1.9464
-3.31216  1.94493
-3.31068  1.89495
-3.36066  1.89347
-3.41064  1.892
-3.40916  1.84202
-3.45914  1.84055
-3.45767  1.79057
-3.50764  1.7891
-3.55762  1.78762
-3.55615  1.73764
-3.60612  1.73617
-3.65463  1.68472
-3.7046  1.68325
-3.7531  1.63179
-3.80308  1.63032
-3.80161  1.58034
-3.85158  1.57887
-3.90156  1.57739
-3.90009  1.52742
-3.95006  1.52594
-3.99857  1.47449
-4.04854  1.47302
-4.04707  1.42304
-4.09705  1.42156
-4.14555  1.37011
-4.19553  1.36864
-4.2455  1.36716
-4.29401  1.31571
-4.39249  1.26279
-4.39101  1.21281
-4.38954  1.16283
-4.38807  1.11285
-4.38659  1.06287
-4.38512  1.01289
-4.38364  0.962916
-4.38217  0.912938
-4.3807  0.86296
-4.44099  1.21133
-4.4351  1.01142
-4.43215  0.911464
-4.47918  0.810034
-4.62616  0.705656
-4.67466  0.654204
0.176033  0.697203
0.177507  0.647225
0.178981  0.597247
0.180454  0.547268
0.181928  0.49729
0.183402  0.447312
0.184876  0.397334
0.186349  0.347355
0.187823  0.297377
0.189297  0.247399
0.19077  0.197421
0.192244  0.147442
0.193718  0.097464
0.195192  0.0474857
0.0231553  0.792739
-0.078272  0.839769
-0.179699  0.8868
-0.23115  0.935305
-0.336998  1.13227
-0.332577  0.982335
-0.394344  1.38069
-0.39287  1.33071
-0.391396  1.28073
-0.389923  1.23075
-0.388449  1.18077
-0.386975  1.1308
-0.385501  1.08082
-0.384028  1.03084
-0.382554  0.980861
-0.445794  1.42919
-0.444321  1.37921
-0.495771  1.42772
-0.547222  1.47622
-0.545748  1.42624
-0.597198  1.47475
-0.648649  1.52325
-0.700099  1.57176
-0.698626  1.52178
-0.750076  1.57028
-0.801527  1.61879
-0.800053  1.56881
-0.851504  1.61732
-0.902954  1.66582
-0.90148  1.61584
-0.952931  1.66435
-1.00438  1.71285
-1.00291  1.66287
-1.05583  1.76135
-1.05436  1.71138
-1.10581  1.75988
-1.15726  1.80839
-1.15579  1.75841
-1.20724  1.80691
-1.25869  1.85542
-1.25721  1.80544
-1.31014  1.90392
-1.30866  1.85394
-1.36011  1.90245
-1.35864  1.85247
-1.41156  1.95095
-1.41009  1.90097
-1.46154  1.94948
-1.46007  1.8995
-1.51299  1.99798
-1.51152  1.948
-1.56297  1.99651
-1.56149  1.94653
-1.61442  2.04501
-1.61295  1.99503
-1.66587  2.09352
-1.6644  2.04354
-1.71585  2.09204
-1.71437  2.04207
-1.7673  2.14055
-1.76582  2.09057
-1.81727  2.13907
-1.86872  2.18758
-1.86725  2.1376
-1.92017  2.23608
-1.9187  2.18611
-1.97015  2.23461
-1.96868  2.18463
-2.0216  2.28311
-2.02013  2.23314
-2.07158  2.28164
-2.07011  2.23166
-2.12303  2.33015
-2.12156  2.28017
-2.17301  2.32867
-2.22446  2.37718
-2.22298  2.3272
-2.27443  2.3757
-2.32588  2.42421
-2.32441  2.37423
-2.37733  2.47271
-2.37586  2.42273
-2.42731  2.47124
-2.42584  2.42126
-2.47729  2.46976
-2.47581  2.41979
-2.52579  2.41831
-2.52432  2.36833
-2.57429  2.36686
-2.62427  2.36539
-2.6228  2.31541
-2.67425  2.36391
-2.67277  2.31393
-2.72275  2.31246
-2.72128  2.26248
-2.77125  2.26101
-2.76978  2.21103
-2.82123  2.25953
-2.81976  2.20956
-2.86973  2.20808
-2.86826  2.1581
-2.91971  2.20661
-2.91824  2.15663
-2.96821  2.15516
-2.96674  2.10518
-3.01672  2.1037
-3.06669  2.10223
-3.06522  2.05225
-3.1152  2.05078
-3.11372  2.0008
-3.16517  2.0493
-3.1637  1.99933
-3.21368  1.99785
-3.2122  1.94787
-3.26218  1.9464
-3.31216  1.94493
-3.31068  1.89495
-3.36066  1.89347
-3.41064  1.892
-3.40916  1.84202
-3.45914  1.84055
-3.45767  1.79057
-3.50764  1.7891
-3.55762  1.78762
-3.55615  1.73764
-3.60612  1.73617
-3.65463  1.68472
-3.7046  1.68325
-3.70313  1.63327
-3.7531  1.63179
-3.80308  1.63032
-3.80161  1.58034
-3.85158  1.57887
-3.90156  1.57739
-3.90009  1.52742
-3.95006  1.52594
-3.99857  1.47449
-4.04854  1.47302
-4.04707  1.42304
-4.09705  1.42156
-4.14555  1.37011
-4.19553  1.36864
-4.2455  1.36716
-4.29401  1.31571
-4.39249  1.26279
-4.39101  1.21281
-4.38954  1.16283
-4.38807  1.11285
-4.38659  1.06287
-4.38512  1.01289
-4.38364  0.962916
-4.38217  0.912938
-4.3807  0.86296
-4.44099  1.21133
-4.4351  1.01142
-4.43215  0.911464
-4.47918  0.810034
-4.62616  0.705656
-4.67466  0.654204
-4.72317  0.602752
0.176033  0.697203
0.177507  0.647225
0.178981  0.597247
0.180454  0.547268
0.181928  0.49729
0.183402  0.447312
0.184876  0.397334
0.186349  0.347355
0.187823  0.297377
0.189297  0.247399
0.19077  0.197421
0.192244  0.147442
0.193718  0.097464
0.195192  0.0474857
0.0231553  0.792739
-0.078272  0.839769
-0.179699  0.8868
-0.23115  0.935305
-0.336998  1.13227
-0.332577  0.982335
-0.394344  1.38069
-0.39287  1.33071
-0.391396  1.28073
-0.389923  1.23075
-0.388449  1.18077
-0.386975  1.1308
-0.385501  1.08082
-0.384028  1.03084
-0.382554  0.980861
-0.445794  1.42919
-0.444321  1.37921
-0.495771  1.42772
-0.547222  1.47622
-0.545748  1.42624
-0.597198  1.47475
-0.648649  1.52325
-0.700099  1.57176
-0.698626  1.52178
-0.750076  1.57028
-0.801527  1.61879
-0.800053  1.56881
-0.851504  1.61732
-0.902954  1.66582
-0.90148  1.61584
-0.952931  1.66435
-1.00438  1.71285
-1.00291  1.66287
-1.05583  1.76135
-1.05436  1.71138
-1.10581  1.75988
-1.15726  1.80839
-1.15579  1.75841
-1.20724  1.80691
-1.25869  1.85542
-1.25721  1.80544
-1.31014  1.90392
-1.30866  1.85394
-1.36011  1.90245
-1.35864  1.85247
-1.41156  1.95095
-1.41009  1.90097
-1.46154  1.94948
-1.46007  1.8995
-1.51299  1.99798
-1.51152  1.948
-1.56297  1.99651
-1.56149  1.94653
-1.61442  2.04501
-1.61295  1.99503
-1.66587  2.09352
-1.6644  2.04354
-1.71585  2.09204
-1.71437  2.04207
-1.7673  2.14055
-1.76582  2.09057
-1.81727  2.13907
-1.8158  2.0891
-1.86872  2.18758
-1.86725  2.1376
-1.92017  2.23608
-1.9187  2.18611
-1.97015  2.23461
-1.96868  2.18463
-2.0216  2.28311
-2.02013  2.23314
-2.07158  2.28164
-2.07011  2.23166
-2.12303  2.33015
-2.12156  2.28017
-2.17301  2.32867
-2.22446  2.37718
-2.22298  2.3272
-2.27443  2.3757
-2.32588  2.42421
-2.32441  2.37423
-2.37586  2.42273
-2.42731  2.47124
-2.42584  2.42126
-2.47729  2.46976
-2.47581  2.41979
-2.52579  2.41831
-2.52432  2.36833
-2.57429  2.36686
-2.62427  2.36539
-2.6228  2.31541
-2.67425  2.36391
-2.67277  2.31393
-2.72275  2.31246
-2.72128  2.26248
-2.77125  2.26101
-2.76978  2.21103
-2.82123  2.25953
-2.81976  2.20956
-2.86973  2.20808
-2.86826  2.1581
-2.91971  2.20661
-2.91824  2.15663
-2.96821  2.15516
-2.96674  2.10518
-3.01672  2.1037
-3.06669  2.10223
-3.06522  2.05225
-3.1152  2.05078
-3.11372  2.0008
-3.16517  2.0493
-3.1637  1.99933
-3.21368  1.99785
-3.2122  1.94787
-3.26218  1.9464
-3.31216  1.94493
-3.31068  1.89495
-3.36066  1.89347
-3.41064  1.892
-3.40916  1.84202
-3.45914  1.84055
-3.45767  1.79057
-3.50764  1.7891
-3.55762  1.78762
-3.55615  1.73764
-3.60612  1.73617
-3.6561  1.7347
-3.65463  1.68472
-3.7046  1.68325
-3.7531  1.63179
-3.80308  1.63032
-3.80161  1.58034
-3.85158  1.57887
-3.90156  1.57739
-3.90009  1.52742
-3.95006  1.52594
-3.99857  1.47449
-4.04854  1.47302
-4.04707  1.42304
-4.09705  1.42156
-4.14555  1.37011
-4.19553  1.36864
-4.2455  1.36716
-4.29401  1.31571
-4.39249  1.26279
-4.39101  1.21281
-4.38954  1.16283
-4.38807  1.11285
-4.38659  1.06287
-4.38512  1.01289
-4.38364  0.962916
-4.38217  0.912938
-4.3807  0.86296
-4.44099  1.21133
-4.43952  1.16136
-4.4351  1.01142
-4.43215  0.911464
-4.43067  0.861486
-4.47918  0.810034
-4.57766  0.757108
-4.62616  0.705656
0.176033  0.697203
0.177507  0.647225
0.178981  0.597247
0.180454  0.547268
0.181928  0.49729
0.183402  0.447312
0.184876  0.397334
0.186349  0.347355
0.187823  0.297377
0.189297  0.247399
0.19077  0.197421
0.192244  0.147442
0.193718  0.097464
0.195192  0.0474857
0.124583  0.745708
0.0231553  0.792739
-0.078272  0.839769
-0.179699  0.8868
-0.23115  0.935305
-0.336998  1.13227
-0.332577  0.982335
-0.394344  1.38069
-0.39287  1.33071
-0.391396  1.28073
-0.389923  1.23075
-0.388449  1.18077
-0.386975  1.1308
-0.385501  1.08082
-0.384028  1.03084
-0.382554  0.980861
-0.445794  1.42919
-0.444321  1.37921
-0.495771  1.42772
-0.547222  1.47622
-0.545748  1.42624
-0.597198  1.47475
-0.648649  1.52325
-0.700099  1.57176
-0.698626  1.52178
-0.750076  1.57028
-0.801527  1.61879
-0.800053  1.56881
-0.851504  1.61732
-0.902954  1.66582
-0.90148  1.61584
-0.952931  1.66435
-1.00438  1.71285
-1.00291  1.66287
-1.05583  1.76135
-1.05436  1.71138
-1.10581  1.75988
-1.15726  1.80839
-1.15579  1.75841
-1.20724  1.80691
-1.25869  1.85542
-1.25721  1.80544
-1.31014  1.90392
-1.30866  1.85394
-1.36011  1.90245
-1.35864  1.85247
-1.41156  1.95095
-1.41009  1.90097
-1.46154  1.94948
-1.46007  1.8995
-1.51299  1.99798
-1.51152  1.948
-1.56297  1.99651
-1.56149  1.94653
-1.61442  2.04501
-1.61295  1.99503
-1.66587  2.09352
-1.6644  2.04354
-1.71585  2.09204
-1.71437  2.04207
-1.7673  2.14055
-1.76582  2.09057
-1.81727  2.13907
-1.8158  2.0891
-1.86872  2.18758
-1.86725  2.1376
-1.92017  2.23608
-1.9187  2.18611
-1.97015  2.23461
-1.96868  2.18463
-2.0216  2.28311
-2.02013  2.23314
-2.07158  2.28164
-2.07011  2.23166
-2.12303  2.33015
-2.12156  2.28017
-2.17301  2.32867
-2.22446  2.37718
-2.22298  2.3272
-2.27443  2.3757
-2.32588  2.42421
-2.32441  2.37423
-2.37733  2.47271
-2.37586  2.42273
-2.42731  2.47124
-2.42584  2.42126
-2.47729  2.46976
-2.47581  2.41979
-2.52579  2.41831
-2.52432  2.36833
-2.57429  2.36686
-2.62427  2.36539
-2.6228  2.31541
-2.67425  2.36391
-2.67277  2.31393
-2.72275  2.31246
-2.72128  2.26248
-2.77125  2.26101
-2.76978  2.21103
-2.82123  2.25953
-2.81976  2.20956
-2.86973  2.20808
-2.86826  2.1581
-2.91971  2.20661
-2.91824  2.15663
-2.96821  2.15516
-2.96674  2.10518
-3.01672  2.1037
-3.06669  2.10223
-3.06522  2.05225
-3.1152  2.05078
-3.11372  2.0008
-3.1637  1.99933
-3.21368  1.99785
-3.2122  1.94787
-3.26218  1.9464
-3.31216  1.94493
-3.31068  1.89495
-3.36066  1.89347
-3.41064  1.892
-3.40916  1.84202
-3.45914  1.84055
-3.45767  1.79057
-3.50764  1.7891
-3.55762  1.78762
-3.55615  1.73764
-3.60612  1.73617
-3.6561  1.7347
-3.65463  1.68472
-3.7046  1.68325
-3.7531  1.63179
-3.80308  1.63032
-3.80161  1.58034
-3.85158  1.57887
-3.90156  1.57739
-3.90009  1.52742
-3.95006  1.52594
-3.99857  1.47449
-4.04854  1.47302
-4.04707  1.42304
-4.09705  1.42156
-4.14555  1.37011
-4.19553  1.36864
-4.2455  1.36716
-4.29401  1.31571
-4.39249  1.26279
-4.39101  1.21281
-4.38954  1.16283
-4.38807  1.11285
-4.38659  1.06287
-4.38512  1.01289
-4.38364  0.962916
-4.38217  0.912938
-4.3807  0.86296
-4.44099  1.21133
-4.4351  1.01142
-4.43215  0.911464
-4.43067  0.861486
-4.47918  0.810034
-4.57766  0.757108
-4.62616  0.705656
0.176033  0.697203
0.177507  0.647225
0.178981  0.597247
0.180454  0.547268
0.181928  0.49729
0.183402  0.447312
0.184876  0.397334
0.186349  0.347355
0.187823  0.297377
0.189297  0.247399
0.19077  0.197421
0.192244  0.147442
0.193718  0.097464
0.195192  0.0474857
0.124583  0.745708
0.0231553  0.792739
-0.078272  0.839769
-0.179699  0.8868
-0.23115  0.935305
-0.336998  1.13227
-0.332577  0.982335
-0.394344  1.38069
-0.39287  1.33071
-0.391396  1.28073
-0.389923  1.23075
-0.388449  1.18077
-0.386975  1.1308
-0.385501  1.08082
-0.384028  1.03084
-0.382554  0.980861
-0.445794  1.42919
-0.444321  1.37921
-0.495771  1.42772
-0.547222  1.47622
-0.545748  1.42624
-0.597198  1.47475
-0.648649  1.52325
-0.700099  1.57176
-0.698626  1.52178
-0.750076  1.57028
-0.801527  1.61879
-0.800053  1.56881
-0.851504  1.61732
-0.902954  1.66582
-0.90148  1.61584
-0.952931  1.66435
-1.00438  1.71285
-1.00291  1.66287
-1.05583  1.76135
-1.05436  1.71138
-1.10581  1.75988
-1.15726  1.80839
-1.15579  1.75841
-1.20724  1.80691
-1.25869  1.85542
-1.25721  1.80544
-1.31014  1.90392
-1.30866  1.85394
-1.36011  1.90245
-1.35864  1.85247
-1.41156  1.95095
-1.41009  1.90097
-1.46154  1.94948
-1.46007  1.8995
-1.51299  1.99798
-1.51152  1.948
-1.56297  1.99651
-1.56149  1.94653
-1.61442  2.04501
-1.61295  1.99503
-1.66587  2.09352
-1.6644  2.04354
-1.71585  2.09204
-1.71437  2.04207
-1.7673  2.14055
-1.76582  2.09057
-1.81727  2.13907
-1.8158  2.0891
-1.86872  2.18758
-1.86725  2.1376
-1.92017  2.23608
-1.9187  2.18611
-1.97015  2.23461
-1.96868  2.18463
-2.0216  2.28311
-2.02013  2.23314
-2.07158  2.28164
-2.07011  2.23166
-2.12303  2.33015
-2.12156  2.28017
-2.17301  2.32867
-2.22446  2.37718
-2.22298  2.3272
-2.27443  2.3757
-2.32588  2.42421
-2.32441  2.37423
-2.37733  2.47271
-2.37586  2.42273
-2.42731  2.47124
-2.42584  2.42126
-2.47729  2.46976
-2.47581  2.41979
-2.52579  2.41831
-2.52432  2.36833
-2.57429  2.36686
-2.62427  2.36539
-2.6228  2.31541
-2.67425  2.36391
-2.67277  2.31393
-2.72275  2.31246
-2.72128  2.26248
-2.77125  2.26101
-2.76978  2.21103
-2.82123  2.25953
-2.81976  2.20956
-2.86973  2.20808
-2.86826  2.1581
-2.91971  2.20661
-2.91824  2.15663
-2.96821  2.15516
-2.96674  2.10518
-3.01672  2.1037
-3.06669  2.10223
-3.06522  2.05225
-3.1152  2.05078
-3.11372  2.0008
-3.1637  1.99933
-3.21368  1.99785
-3.2122  1.94787
-3.26218  1.9464
-3.31216  1.94493
-3.31068  1.89495
-3.36066  1.89347
-3.41064  1.892
-3.40916  1.84202
-3.45914  1.84055
-3.45767  1.79057
-3.50764  1.7891
-3.55762  1.78762
-3.55615  1.73764
-3.60612  1.73617
-3.6561  1.7347
-3.65463  1.68472
-3.7046  1.68325
-3.7531  1.63179
-3.80308  1.63032
-3.80161  1.58034
-3.85158  1.57887
-3.90156  1.57739
-3.90009  1.52742
-3.95006  1.52594
-3.99857  1.47449
-4.04854  1.47302
-4.04707  1.42304
-4.09705  1.42156
-4.14555  1.37011
-4.19553  1.36864
-4.2455  1.36716
-4.29401  1.31571
-4.39249  1.26279
-4.39101  1.21281
-4.38954  1.16283
-4.38807  1.11285
-4.38659  1.06287
-4.38512  1.01289
-4.38364  0.962916
-4.38217  0.912938
-4.3807  0.86296
-4.44099  1.21133
-4.4351  1.01142
-4.43215  0.911464
-4.43067  0.861486
-4.47918  0.810034
-4.57766  0.757108
-4.62616  0.705656
-4.72464  0.65273
0.176033  0.697203
0.177507  0.647225
0.178981  0.597247
0.180454  0.547268
0.181928  0.49729
0.183402  0.447312
0.184876  0.397334
0.186349  0.347355
0.187823  0.297377
0.189297  0.247399
0.19077  0.197421
0.192244  0.147442
0.193718  0.097464
0.195192  0.0474857
0.124583  0.745708
-0.078272  0.839769
-0.179699  0.8868
-0.23115  0.935305
-0.336998  1.13227
-0.332577  0.982335
-0.394344  1.38069
-0.39287  1.33071
-0.391396  1.28073
-0.389923  1.23075
-0.388449  1.18077
-0.386975  1.1308
-0.385501  1.08082
-0.384028  1.03084
-0.382554  0.980861
-0.445794  1.42919
-0.444321  1.37921
-0.495771  1.42772
-0.547222  1.47622
-0.545748  1.42624
-0.597198  1.47475
-0.648649  1.52325
-0.700099  1.57176
-0.698626  1.52178
-0.750076  1.57028
-0.801527  1.61879
-0.800053  1.56881
-0.851504  1.61732
-0.902954  1.66582
-0.90148  1.61584
-0.952931  1.66435
-1.00438  1.71285
-1.00291  1.66287
-1.05583  1.76135
-1.05436  1.71138
-1.10581  1.75988
-1.15726  1.80839
-1.15579  1.75841
-1.20724  1.80691
-1.25869  1.85542
-1.25721  1.80544
-1.31014  1.90392
-1.30866  1.85394
-1.36011  1.90245
-1.35864  1.85247
-1.41156  1.95095
-1.41009  1.90097
-1.46154  1.94948
-1.46007  1.8995
-1.51299  1.99798
-1.51152  1.948
-1.56297  1.99651
-1.56149  1.94653
-1.61442  2.04501
-1.61295  1.99503
-1.66587  2.09352
-1.6644  2.04354
-1.71585  2.09204
-1.71437  2.04207
-1.7673  2.14055
-1.76582  2.09057
-1.81727  2.13907
-1.8158  2.0891
-1.86872  2.18758
-1.86725  2.1376
-1.92017  2.23608
-1.9187  2.18611
-1.97015  2.23461
-1.96868  2.18463
-2.0216  2.28311
-2.02013  2.23314
-2.07158  2.28164
-2.07011  2.23166
-2.12303  2.33015
-2.12156  2.28017
-2.17301  2.32867
-2.22446  2.37718
-2.22298  2.3272
-2.27443  2.3757
-2.32588  2.42421
-2.32441  2.37423
-2.37733  2.47271
-2.37586  2.42273
-2.42731  2.47124
-2.42584  2.42126
-2.47729  2.46976
-2.47581  2.41979
-2.52579  2.41831
-2.52432  2.36833
-2.57429  2.36686
-2.62427  2.36539
-2.6228  2.31541
-2.67425  2.36391
-2.67277  2.31393
-2.72275  2.31246
-2.72128  2.26248
-2.77125  2.26101
-2.76978  2.21103
-2.82123  2.25953
-2.81976  2.20956
-2.86973  2.20808
-2.86826  2.1581
-2.91971  2.20661
-2.91824  2.15663
-2.96821  2.15516
-2.96674  2.10518
-3.01672  2.1037
-3.06669  2.10223
-3.06522  2.05225
-3.1152  2.05078
-3.1637  1.99933
-3.21368  1.99785
-3.2122  1.94787
-3.26218  1.9464
-3.31216  1.94493
-3.31068  1.89495
-3.36066  1.89347
-3.41064  1.892
-3.40916  1.84202
-3.45914  1.84055
-3.45767  1.79057
-3.50764  1.7891
-3.55762  1.78762
-3.55615  1.73764
-3.60612  1.73617
-3.6561  1.7347
-3.65463  1.68472
-3.7046  1.68325
-3.7531  1.63179
-3.80308  1.63032
-3.80161  1.58034
-3.85158  1.57887
-3.90156  1.57739
-3.90009  1.52742
-3.95006  1.52594
-3.99857  1.47449
-4.04854  1.47302
-4.04707  1.42304
-4.09705  1.42156
-4.14555  1.37011
-4.19553  1.36864
-4.2455  1.36716
-4.29401  1.31571
-4.39249  1.26279
-4.39101  1.21281
-4.38954  1.16283
-4.38807  1.11285
-4.38659  1.06287
-4.38512  1.01289
-4.38364  0.962916
-4.38217  0.912938
-4.3807  0.86296
-4.44099  1.21133
-4.4351  1.01142
-4.43215  0.911464
-4.43067  0.861486
-4.47918  0.810034
-4.57766  0.757108
-4.62616  0.705656
-4.72464  0.65273
0.176033  0.697203
0.177507  0.647225
0.178981  0.597247
0.180454  0.547268
0.181928  0.49729
0.183402  0.447312
0.184876  0.397334
0.186349  0.347355
0.187823  0.297377
0.189297  0.247399
0.19077  0.197421
0.192244  0.147442
0.193718  0.097464
0.195192  0.0474857
-0.179699  0.8868
-0.23115  0.935305
-0.336998  1.13227
-0.332577  0.982335
-0.394344  1.38069
-0.39287  1.33071
-0.391396  1.28073
-0.389923  1.23075
-0.388449  1.18077
-0.386975  1.1308
-0.385501  1.08082
-0.384028  1.03084
-0.382554  0.980861
-0.445794  1.42919
-0.444321  1.37921
-0.495771  1.42772
-0.547222  1.47622
-0.545748  1.42624
-0.597198  1.47475
-0.648649  1.52325
-0.700099  1.57176
-0.698626  1.52178
-0.750076  1.57028
-0.801527  1.61879
-0.800053  1.56881
-0.851504  1.61732
-0.902954  1.66582
-0.90148  1.61584
-0.952931  1.66435
-1.00438  1.71285
-1.00291  1.66287
-1.05583  1.76135
-1.05436  1.71138
-1.10581  1.75988
-1.15726  1.80839
-1.15579  1.75841
-1.20724  1.80691
-1.25869  1.85542
-1.25721  1.80544
-1.31014  1.90392
-1.30866  1.85394
-1.36011  1.90245
-1.35864  1.85247
-1.41156  1.95095
-1.41009  1.90097
-1.46154  1.94948
-1.46007  1.8995
-1.51299  1.99798
-1.51152  1.948
-1.56297  1.99651
-1.56149  1.94653
-1.61442  2.04501
-1.61295  1.99503
-1.66587  2.09352
-1.6644  2.04354
-1.71585  2.09204
-1.71437  2.04207
-1.7673  2.14055
-1.76582  2.09057
-1.81727  2.13907
-1.8158  2.0891
-1.86872  2.18758
-1.86725  2.1376
-1.92017  2.23608
-1.9187  2.18611
-1.97015  2.23461
-1.96868  2.18463
-2.0216  2.28311
-2.02013  2.23314
-2.07158  2.28164
-2.07011  2.23166
-2.12303  2.33015
-2.12156  2.28017
-2.17301  2.32867
-2.22446  2.37718
-2.22298  2.3272
-2.27443  2.3757
-2.32588  2.42421
-2.32441  2.37423
-2.37733  2.47271
-2.37586  2.42273
-2.42731  2.47124
-2.42584  2.42126
-2.47729  2.46976
-2.47581  2.41979
-2.52579  2.41831
-2.52432  2.36833
-2.57429  2.36686
-2.62427  2.36539
-2.6228  2.31541
-2.67425  2.36391
-2.67277  2.31393
-2.72275  2.31246
-2.72128  2.26248
-2.77125  2.26101
-2.76978  2.21103
-2.82123  2.25953
-2.81976  2.20956
-2.86973  2.20808
-2.86826  2.1581
-2.91971  2.20661
-2.91824  2.15663
-2.96821  2.15516
-2.96674  2.10518
-3.01672  2.1037
-3.06669  2.10223
-3.06522  2.05225
-3.1152  2.05078
-3.1637  1.99933
-3.21368  1.99785
-3.2122  1.94787
-3.26218  1.9464
-3.31216  1.94493
-3.31068  1.89495
-3.36066  1.89347
-3.41064  1.892
-3.40916  1.84202
-3.45914  1.84055
-3.45767  1.79057
-3.50764  1.7891
-3.55762  1.78762
-3.55615  1.73764
-3.60612  1.73617
-3.6561  1.7347
-3.65463  1.68472
-3.7046  1.68325
-3.70313  1.63327
-3.7531  1.63179
-3.80308  1.63032
-3.80161  1.58034
-3.85158  1.57887
-3.90156  1.57739
-3.90009  1.52742
-3.95006  1.52594
-3.99857  1.47449
-4.04854  1.47302
-4.04707  1.42304
-4.09705  1.42156
-4.14555  1.37011
-4.19553  1.36864
-4.2455  1.36716
-4.29401  1.31571
-4.39249  1.26279
-4.39101  1.21281
-4.38954  1.16283
-4.38807  1.11285
-4.38659  1.06287
-4.38512  1.01289
-4.38364  0.962916
-4.38217  0.912938
-4.3807  0.86296
-4.44099  1.21133
-4.4351  1.01142
-4.43215  0.911464
-4.43067  0.861486
-4.47918  0.810034
-4.57766  0.757108
-4.62616  0.705656
-4.72464  0.65273
-4.72317  0.602752
0.176033  0.697203
0.177507  0.647225
0.178981  0.597247
0.180454  0.547268
0.181928  0.49729
0.183402  0.447312
0.184876  0.397334
0.186349  0.347355
0.187823  0.297377
0.189297  0.247399
0.19077  0.197421
0.192244  0.147442
0.193718  0.097464
0.195192  0.0474857
-0.179699  0.8868
-0.23115  0.935305
-0.336998  1.13227
-0.332577  0.982335
-0.394344  1.38069
-0.39287  1.33071
-0.391396  1.28073
-0.389923  1.23075
-0.388449  1.18077
-0.386975  1.1308
-0.385501  1.08082
-0.384028  1.03084
-0.382554  0.980861
-0.445794  1.42919
-0.444321  1.37921
-0.495771  1.42772
-0.547222  1.47622
-0.545748  1.42624
-0.597198  1.47475
-0.648649  1.52325
-0.700099  1.57176
-0.698626  1.52178
-0.750076  1.57028
-0.801527  1.61879
-0.800053  1.56881
-0.851504  1.61732
-0.902954  1.66582
-0.90148  1.61584
-0.952931  1.66435
-1.00438  1.71285
-1.00291  1.66287
-1.05583  1.76135
-1.05436  1.71138
-1.10581  1.75988
-1.15726  1.80839
-1.15579  1.75841
-1.20724  1.80691
-1.25869  1.85542
-1.25721  1.80544
-1.31014  1.90392
-1.30866  1.85394
-1.36011  1.90245
-1.35864  1.85247
-1.41156  1.95095
-1.41009  1.90097
-1.46154  1.94948
-1.46007  1.8995
-1.51299  1.99798
-1.51152  1.948
-1.56297  1.99651
-1.56149  1.94653
-1.61442  2.04501
-1.61295  1.99503
-1.66587  2.09352
-1.6644  2.04354
-1.71585  2.09204
-1.71437  2.04207
-1.7673  2.14055
-1.76582  2.09057
-1.81727  2.13907
-1.8158  2.0891
-1.86872  2.18758
-1.86725  2.1376
-1.92017  2.23608
-1.9187  2.18611
-1.97015  2.23461
-1.96868  2.18463
-2.0216  2.28311
-2.02013  2.23314
-2.07158  2.28164
-2.07011  2.23166
-2.12303  2.33015
-2.12156  2.28017
-2.17301  2.32867
-2.22446  2.37718
-2.22298  2.3272
-2.27443  2.3757
-2.32588  2.42421
-2.32441  2.37423
-2.37733  2.47271
-2.37586  2.42273
-2.42731  2.47124
-2.42584  2.42126
-2.47729  2.46976
-2.47581  2.41979
-2.52579  2.41831
-2.52432  2.36833
-2.57429  2.36686
-2.62427  2.36539
-2.6228  2.31541
-2.67425  2.36391
-2.67277  2.31393
-2.72275  2.31246
-2.72128  2.26248
-2.77125  2.26101
-2.76978  2.21103
-2.82123  2.25953
-2.81976  2.20956
-2.86973  2.20808
-2.86826  2.1581
-2.91971  2.20661
-2.91824  2.15663
-2.96821  2.15516
-2.96674  2.10518
-3.01672  2.1037
-3.06669  2.10223
-3.06522  2.05225
-3.1152  2.05078
-3.1637  1.99933
-3.21368  1.99785
-3.2122  1.94787
-3.26218  1.9464
-3.31216  1.94493
-3.31068  1.89495
-3.36066  1.89347
-3.41064  1.892
-3.40916  1.84202
-3.45914  1.84055
-3.45767  1.79057
-3.50764  1.7891
-3.55762  1.78762
-3.55615  1.73764
-3.60612  1.73617
-3.6561  1.7347
-3.65463  1.68472
-3.7046  1.68325
-3.70313  1.63327
-3.7531  1.63179
-3.80308  1.63032
-3.80161  1.58034
-3.85158  1.57887
-3.90156  1.57739
-3.90009  1.52742
-3.95006  1.52594
-3.99857  1.47449
-4.04854  1.47302
-4.04707  1.42304
-4.09705  1.42156
-4.14555  1.37011
-4.19553  1.36864
-4.2455  1.36716
-4.24403  1.31719
-4.29401  1.31571
-4.39249  1.26279
-4.39101  1.21281
-4.38954  1.16283
-4.38807  1.11285
-4.38659  1.06287
-4.38512  1.01289
-4.38364  0.962916
-4.38217  0.912938
-4.3807  0.86296
-4.44099  1.21133
-4.4351  1.01142
-4.43215  0.911464
-4.43067  0.861486
-4.47918  0.810034
-4.57766  0.757108
-4.62616  0.705656
-4.72464  0.65273
-4.72317  0.602752
-4.77314  0.601278
0.176033  0.697203
0.177507  0.647225
0.178981  0.597247
0.180454  0.547268
0.181928  0.49729
0.183402  0.447312
0.184876  0.397334
0.186349  0.347355
0.187823  0.297377
0.189297  0.247399
0.19077  0.197421
0.192244  0.147442
0.193718  0.097464
0.195192  0.0474857
-0.179699  0.8868
-0.23115  0.935305
-0.336998  1.13227
-0.332577  0.982335
-0.394344  1.38069
-0.39287  1.33071
-0.391396  1.28073
-0.389923  1.23075
-0.388449  1.18077
-0.386975  1.1308
-0.385501  1.08082
-0.384028  1.03084
-0.382554  0.980861
-0.445794  1.42919
-0.444321  1.37921
-0.495771  1.42772
-0.547222  1.47622
-0.545748  1.42624
-0.597198  1.47475
-0.648649  1.52325
-0.700099  1.57176
-0.698626  1.52178
-0.750076  1.57028
-0.801527  1.61879
-0.800053  1.56881
-0.851504  1.61732
-0.902954  1.66582
-0.90148  1.61584
-0.952931  1.66435
-1.00438  1.71285
-1.00291  1.66287
-1.05583  1.76135
-1.05436  1.71138
-1.10581  1.75988
-1.15726  1.80839
-1.15579  1.75841
-1.20724  1.80691
-1.25869  1.85542
-1.25721  1.80544
-1.31014  1.90392
-1.30866  1.85394
-1.36011  1.90245
-1.35864  1.85247
-1.41156  1.95095
-1.41009  1.90097
-1.46154  1.94948
-1.46007  1.8995
-1.51299  1.99798
-1.51152  1.948
-1.56297  1.99651
-1.56149  1.94653
-1.61442  2.04501
-1.61295  1.99503
-1.66587  2.09352
-1.6644  2.04354
-1.71585  2.09204
-1.71437  2.04207
-1.7673  2.14055
-1.76582  2.09057
-1.81727  2.13907
-1.8158  2.0891
-1.86872  2.18758
-1.86725  2.1376
-1.92017  2.23608
-1.9187  2.18611
-1.97015  2.23461
-1.96868  2.18463
-2.0216  2.28311
-2.02013  2.23314
-2.07158  2.28164
-2.07011  2.23166
-2.12303  2.33015
-2.12156  2.28017
-2.17301  2.32867
-2.22446  2.37718
-2.22298  2.3272
-2.27443  2.3757
-2.32588  2.42421
-2.32441  2.37423
-2.37733  2.47271
-2.37586  2.42273
-2.42731  2.47124
-2.42584  2.42126
-2.47729  2.46976
-2.47581  2.41979
-2.52579  2.41831
-2.52432  2.36833
-2.57429  2.36686
-2.62427  2.36539
-2.6228  2.31541
-2.67425  2.36391
-2.67277  2.31393
-2.72275  2.31246
-2.72128  2.26248
-2.77125  2.26101
-2.76978  2.21103
-2.82123  2.25953
-2.81976  2.20956
-2.86973  2.20808
-2.86826  2.1581
-2.91971  2.20661
-2.91824  2.15663
-2.96821  2.15516
-2.96674  2.10518
-3.01672  2.1037
-3.06669  2.10223
-3.06522  2.05225
-3.1152  2.05078
-3.1637  1.99933
-3.21368  1.99785
-3.2122  1.94787
-3.26218  1.9464
-3.31216  1.94493
-3.31068  1.89495
-3.36066  1.89347
-3.41064  1.892
-3.40916  1.84202
-3.45914  1.84055
-3.45767  1.79057
-3.50764  1.7891
-3.55762  1.78762
-3.55615  1.73764
-3.60612  1.73617
-3.6561  1.7347
-3.65463  1.68472
-3.7046  1.68325
-3.70313  1.63327
-3.7531  1.63179
-3.80308  1.63032
-3.80161  1.58034
-3.85158  1.57887
-3.90156  1.57739
-3.90009  1.52742
-3.95006  1.52594
-3.99857  1.47449
-4.04854  1.47302
-4.04707  1.42304
-4.09705  1.42156
-4.14555  1.37011
-4.19553  1.36864
-4.2455  1.36716
-4.24403  1.31719
-4.29401  1.31571
-4.34251  1.26426
-4.39249  1.26279
-4.39101  1.21281
-4.38954  1.16283
-4.38807  1.11285
-4.38659  1.06287
-4.38512  1.01289
-4.38364  0.962916
-4.38217  0.912938
-4.3807  0.86296
-4.44099  1.21133
-4.4351  1.01142
-4.43215  0.911464
-4.43067  0.861486
-4.47918  0.810034
-4.57766  0.757108
-4.62616  0.705656
-4.72464  0.65273
-4.72317  0.602752
-4.77314  0.601278
14  0.601268
315  0.601248
 0.705626
-4.72464  0.652699
-4.72317  0.602721
-4.77315  0.601247
